//Lorencia
//===========================================================================================================================================================================================================================================
//Numb	Rate	Name	Level	HP	MP	MinDmg	MaxDmg	Def	MagDef	Attack	Success	Move	AttType	Range	View	MoveSpeed	AttSpeed	Regen	Attri	ItemR	MoneyR	MaxI	ResWind	ResPois	ResIce	ResWater	ResFire
//===========================================================================================================================================================================================================================================
3	1	"Spider"				2	30	0	4	7	1	0	8	1	2	0	1	5	400	1800	1	2	120	10	6	0	0	0	0	0
26	1	"Goblin"				3	45	0	7	10	2	0	13	2	2	0	1	4	400	1800	1	2	120	10	6	0	0	0	0	0
2	1	"Budge	Dragon"				4	60	0	10	13	3	0	18	3	3	0	1	4	400	2000	1	2	120	10	6	0	0	0	0	0
27	1	"Scorpion"				5	80	0	13	17	4	0	23	4	3	0	1	4	400	1800	1	2	120	10	6	0	0	0	0	0
0	1	"Bull	Fighter"				6	100	0	16	20	6	0	28	6	3	0	1	5	400	1600	1	2	130	10	6	0	0	0	0	0
33	1	"Elite	Goblin"				8	120	0	19	23	8	0	33	8	3	0	1	5	400	1600	1	2	130	10	6	0	0	0	0	0
1	1	"Hound"				9	140	0	22	27	9	0	39	9	3	0	1	5	400	1600	1	2	130	10	6	0	0	0	0	0
28	1	"Beetle	Monster"				10	165	0	26	31	10	0	44	10	3	0	1	5	400	1600	1	2	140	10	6	0	0	0	0	0
8	1	"Poison	Bull	Fighter"				46	99999	0	100	123	99999	999999	100	10	3	2	1	1	1	2	10	2	190	14	3	0	6	2	2	2
29	1	"Hunter"				13	220	0	36	41	13	0	56	13	3	0	4	4	400	1600	1	2	140	12	6	0	0	0	0	0
6	1	"Lich"				14	255	0	41	46	14	0	62	14	3	2	4	7	400	2000	1	2	150	12	6	0	0	0	0	1
14	1	"Skeleton"				19	525	0	68	74	22	0	93	22	2	0	1	4	400	1400	1	2	160	12	6	0	0	0	0	0

//	Noria
//===========================================================================================================================================================================================================================================
//Numb	Rate	Name	Level	HP	MP	MinDmg	MaxDmg	Def	MagDef	Attack	Success	Move	AttType	Range	View	MoveSpeed	AttSpeed	Regen	Attri	ItemR	MoneyR	MaxI	ResWind	ResPois	ResIce	ResWater	ResFire
//===========================================================================================================================================================================================================================================
30	1	"Forest	Monster"				15	295	0	46	51	15	0	68	15	3	0	1	4	400	1600	1	2	150	12	6	0	0	0	0	0
31	1	"Agon"				16	340	0	51	57	16	0	74	16	2	0	1	4	400	1400	1	2	150	12	6	0	0	0	0	0
7	1	"Giant"				17	400	0	57	62	18	0	80	18	2	0	2	3	400	2200	1	2	150	12	6	0	0	0	0	0
32	1	"Stone	Golem"				18	465	0	62	68	20	0	86	20	2	0	2	3	400	2200	1	2	160	12	6	0	0	0	0	0

//	Devias
//===========================================================================================================================================================================================================================================
//Numb	Rate	Name	Level	HP	MP	MinDmg	MaxDmg	Def	MagDef	Attack	Success	Move	AttType	Range	View	MoveSpeed	AttSpeed	Regen	Attri	ItemR	MoneyR	MaxI	ResWind	ResPois	ResIce	ResWater	ResFire
//===========================================================================================================================================================================================================================================
24	1	"Worm"				20	600	0	75	80	25	0	100	25	3	0	1	4	400	1600	1	2	160	14	6	0	0	2	0	0
22	1	"Ice	Monster"				22	650	0	80	85	27	0	110	27	2	7	1	5	400	2000	1	2	170	14	6	0	0	3	0	0
23	1	"Hommerd"				24	700	0	85	90	29	0	120	29	3	0	1	5	400	1600	1	2	170	14	6	0	0	3	0	0
21	1	"Assassin"				26	800	0	95	100	33	0	130	33	2	0	1	7	400	2000	1	2	180	14	6	0	0	0	0	0
19	1	"Yeti"				30	900	0	105	110	37	0	150	37	2	17	4	6	400	2000	1	2	180	14	6	0	0	3	0	0
20	1	"Elite	Yeti"				36	1200	0	120	125	50	0	180	43	3	0	1	6	400	1400	1	2	180	14	6	0	1	4	1	1
25	1	"Ice	Queen"				52	4000	0	155	165	90	0	260	76	3	11	4	7	400	1400	5	2	180	14	3	0	4	5	4	4

//	Dungeon
//===========================================================================================================================================================================================================================================
//Numb	Rate	Name	Level	HP	MP	MinDmg	MaxDmg	Def	MagDef	Attack	Success	Move	AttType	Range	View	MoveSpeed	AttSpeed	Regen	Attri	ItemR	MoneyR	MaxI	ResWind	ResPois	ResIce	ResWater	ResFire
//===========================================================================================================================================================================================================================================
12	1	"Larva"				25	750	0	90	95	31	0	125	31	3	1	1	4	400	1800	1	2	200	14	6	0	2	0	0	0
17	1	"Cyclops"				28	850	0	100	105	35	0	140	35	3	0	1	4	400	1600	1	2	170	14	6	0	2	0	0	0
11	1	"Ghost"				32	1000	0	110	115	40	0	160	39	3	0	1	5	400	1400	1	2	190	14	6	0	2	2	2	2
15	1	"Skeleton	Archer"				34	1100	0	115	120	45	0	170	41	2	0	5	7	400	2000	1	2	190	14	6	0	1	1	1	1
5	1	"Hell	Hound"				38	1400	0	125	130	55	0	190	45	3	0	1	4	400	1200	1	2	190	14	6	0	1	1	1	3
13	1	"Hell	Spider"				40	1600	0	130	135	60	0	200	47	3	11	4	7	400	1600	1	2	190	14	6	0	3	1	1	1
16	1	"Elite	Skeleton"				42	1800	0	135	140	65	0	210	49	2	0	1	4	400	1600	1	2	190	14	4	0	1	1	1	1
9	1	"Thunder	Lich"				44	2000	0	140	145	70	0	220	55	3	3	4	7	400	2200	1	2	190	14	3	0	2	2	3	2
8	1	"Bull	Fighter"				46	2500	0	145	150	75	0	230	61	3	1	1	5	400	1400	1	2	190	14	3	0	6	2	2	2
10	1	"Dark	Knight"				48	3000	0	150	155	80	0	240	70	3	0	1	5	400	1400	1	2	200	14	3	0	3	3	3	5
18	1	"Gorgon"				55	6000	0	165	175	100	0	275	82	3	0	1	7	400	1600	1	2	160	14	3	0	6	6	6	6

//	Atlans
//===========================================================================================================================================================================================================================================
//Numb	Rate	Name	Level	HP	MP	MinDmg	MaxDmg	Def	MagDef	Attack	Success	Move	AttType	Range	View	MoveSpeed	AttSpeed	Regen	Attri	ItemR	MoneyR	MaxI	ResWind	ResPois	ResIce	ResWater	ResFire
//===========================================================================================================================================================================================================================================
45	1	"Bahamut"				43	2400	0	130	140	65	0	215	52	2	0	1	4	400	1600	1	2	185	14	3	0	1	1	1	1
46	1	"Vepar"				45	2800	0	135	145	70	0	225	58	3	17	4	7	400	1600	1	2	185	14	3	0	2	2	3	2
47	1	"Valkyrie"				46	3200	0	140	150	75	0	230	64	3	0	5	7	400	1800	1	2	185	14	3	0	6	2	2	2
51	1	"Great	Bahamut"				66	7000	0	210	230	150	0	330	98	3	0	2	7	400	1600	1	2	175	14	3	0	6	6	6	6
52	1	"Silver	Valkyrie"				68	8000	0	230	260	170	0	340	110	3	7	4	7	400	1600	1	2	175	14	3	0	7	7	7	7
48	1	"Lizard	King"				70	9000	0	240	270	180	0	350	115	3	3	3	7	400	1600	1	2	175	14	3	0	7	7	7	7
49	1	"Hydra"				74	19000	0	250	310	200	0	430	125	3	150	4	7	400	1400	15	2	175	14	3	0	12	12	12	12

//	Lost	Tower
//===========================================================================================================================================================================================================================================
//Numb	Rate	Name	Level	HP	MP	MinDmg	MaxDmg	Def	MagDef	Attack	Success	Move	AttType	Range	View	MoveSpeed	AttSpeed	Regen	Attri	ItemR	MoneyR	MaxI	ResWind	ResPois	ResIce	ResWater	ResFire
//===========================================================================================================================================================================================================================================
36	1	"Shadow"				47	2800	0	148	153	78	0	235	67	3	0	1	5	400	1400	1	2	200	14	3	0	3	3	3	5
39	1	"Poison	Shadow"				50	3500	0	155	160	85	0	250	73	3	1	1	5	400	1400	1	2	200	14	3	0	6	4	4	6
34	1	"Cursed	Wizard"				54	4000	0	160	170	95	0	270	80	3	3	4	7	400	2000	1	2	200	14	3	0	5	5	7	7
41	1	"Death	Cow"				57	4500	0	170	180	110	0	285	85	3	0	1	7	400	1600	1	2	200	14	3	0	5	5	5	7
37	1	"Devil"				60	5000	0	180	195	115	0	300	88	3	3	4	7	400	2000	1	2	200	14	3	0	5	5	5	7
40	1	"Death	Knight"				62	5500	0	190	200	120	0	310	91	3	0	1	7	400	1800	1	2	200	14	3	0	6	6	6	7
35	1	"Death	Gorgon"				64	6000	0	200	210	130	0	320	94	3	150	1	7	400	2000	1	2	180	14	3	0	6	6	6	8
38	1	"Balrog"				66	9000	0	220	240	160	0	330	99	3	150	2	7	400	1600	15	2	160	14	3	0	10	10	10	15

//	Tarkan
//=============================================================================================================================--------------------------------------------------------------------------------------------------------------
//Numb	Rate	Name	Level	HP	MP	MinDmg	MaxDmg	Def	MagDef	Attack	Success	Move	AttType	Range	View	MoveSpeed	AttSpeed	Regen	Attri	ItemR	MoneyR	MaxI	ResWind	ResPois	ResIce	ResWater	ResFire
//=============================================================================================================================--------------------------------------------------------------------------------------------------------------
62	1	"Mutant"				72	10000	0	230	250	170	0	365	120	3	0	1	7	400	1400	1	2	170	30	3	0	8	8	8	8
60	1	"Bloody	Wolf"				76	13500	0	230	270	190	0	410	130	3	0	2	7	400	1400	1	2	170	30	3	0	8	8	8	8
57	1	"Iron	Wheel"				80	17000	0	250	300	205	0	446	150	3	0	4	7	400	1400	1	2	160	30	3	0	9	9	9	9
58	1	"Tantallos"				83	22000	0	305	355	240	0	500	175	3	150	2	7	400	1400	2	2	160	30	3	0	9	9	9	9
61	1	"Vim	Knight"				84	25000	0	345	400	265	0	530	190	3	17	4	7	400	1400	2	2	160	30	3	0	10	10	10	10
59	1	"Zaikan"				90	34000	0	480	660	380	0	550	185	3	150	5	7	400	1400	15	2	160	30	3	0	13	13	13	15
63	1	"Deathvim	Knight"				93	40000	0	560	720	400	0	575	220	3	150	5	7	400	1400	15	2	130	30	3	0	13	13	13	17

//	Icarus
//=============================================================================================================================--------------------------------------------------------------------------------------------------------------
//Numb	Rate	Name	Level	HP	MP	MinDmg	MaxDmg	Def	MagDef	Attack	Success	Move	AttType	Range	View	MoveSpeed	AttSpeed	Regen	Attri	ItemR	MoneyR	MaxI	ResWind	ResPois	ResIce	ResWater	ResFire
//=============================================================================================================================--------------------------------------------------------------------------------------------------------------
69	1	"Aquamos"				75	11500	0	255	290	195	0	385	125	3	17	5	5	400	1400	1	2	160	14	3	0	9	9	11	9
71	1	"Mega	Crust"				78	15000	0	270	320	210	0	430	140	3	0	1	5	400	1400	1	2	160	14	3	0	9	9	12	9
70	1	"Queen	Rainer"				82	19000	0	305	350	230	0	475	160	3	17	3	5	400	1400	1	2	160	14	3	0	9	11	12	9
73	1	"Drakan"				86	29000	0	425	480	305	0	570	210	3	150	5	5	400	1400	2	2	160	14	3	0	12	12	13	12
74	1	"Alpha	Crust"				92	34500	0	489	540	360	0	620	240	3	0	1	5	400	1400	1	2	160	14	3	0	13	13	14	13
72	1	"Phantom	Knight"				115	41000	0	560	610	430	0	690	270	3	150	2	5	400	1400	3	2	150	14	3	0	14	14	16	14
75	1	"Gaint	Drakan"				120	50000	0	580	640	500	0	820	305	3	150	5	5	400	1400	3	2	140	14	3	0	15	15	17	18
76	1	"Dark	Phoenix	Shield"				126	73000	0	850	960	580	0	840	305	3	3	3	5	400	1400	1	2	190	14	3	0	30	30	35	30
77	1	"Phoenix	of	Darkness"				133	95000	0	950	1000	600	0	900	350	1	150	6	7	400	1500	15	2	120	14	4	0	30	30	35	30

//	Arena
//=============================================================================================================================--------------------------------------------------------------------------------------------------------------
//Numb	Rate	Name	Level	HP	MP	MinDmg	MaxDmg	Def	MagDef	Attack	Success	Move	AttType	Range	View	MoveSpeed	AttSpeed	Regen	Attri	ItemR	MoneyR	MaxI	ResWind	ResPois	ResIce	ResWater	ResFire
//=============================================================================================================================--------------------------------------------------------------------------------------------------------------
200	1	"Stadium	Ball"				12	1000	0	150	200	0	0	60	500	0	0	4	1	500	1000	3	1	200	10	0	0	0	0	0	0

//	Devil	Square
//=============================================================================================================================--------------------------------------------------------------------------------------------------------------
//Numb	Rate	Name	Level	HP	MP	MinDmg	MaxDmg	Def	MagDef	Attack	Success	Move	AttType	Range	View	MoveSpeed	AttSpeed	Regen	Attri	ItemR	MoneyR	MaxI	ResWind	ResPois	ResIce	ResWater	ResFire
//=============================================================================================================================--------------------------------------------------------------------------------------------------------------
64	1	"Orc	Archer"				70	10000	0	220	250	170	0	350	115	3	0	4	7	400	1600	1	2	200	14	3	0	7	7	7	7
65	1	"Elite	Orc"				74	14000	0	250	280	190	0	400	125	3	150	1	7	400	2000	10	2	180	14	3	0	8	8	8	8
67	1	"Metal	Barlog"				77	22000	0	300	340	220	0	385	150	3	150	2	7	400	1600	20	2	160	14	3	0	9	9	9	9
66	1	"Cursed	King"				86	32000	0	420	470	300	0	525	200	3	150	4	7	400	1400	7	2	200	30	3	0	17	17	17	17
434	1	"Gigantis"				98	40000	0	460	500	400	0	715	250	3	0	2	7	500	1500	1	2	135	0	3	0	25	25	25	25	
435	1	"Berserk"				100	45000	0	480	530	400	0	1000	360	3	0	2	7	800	1700	1	2	110	0	4	0	50	50	50	50	
438	1	"Persona"				118	50000	0	520	560	500	0	1190	485	3	0	5	7	500	1600	1	2	130	0	4	0	29	29	29	29	
439	1	"Dreadfear"				119	55000	0	550	580	600	0	1015	905	3	0	2	5	500	1500	1	2	130	0	3	0	27	27	27	27	
436	1	"Balram	(Hero)"				134	55000	0	570	620	530	0	1500	370	6	0	7	7	700	1700	1	2	150	14	3	0	23	23	23	23	
437	1	"Soram	(Hero)"				134	60000	0	570	620	530	0	1500	397	6	0	4	7	700	1700	1	2	150	14	3	0	25	25	25	25	
440	1	"Dark	Elf"				135	65000	0	600	730	650	0	1500	370	6	0	6	10	700	1700	1	2	150	14	3	23	23	23	23	23	

//	Blood	Castle	NPC
//=============================================================================================================================--------------------------------------------------------------------------------------------------------------
//Numb	Rate	Name	Level	HP	MP	MinDmg	MaxDmg	Def	MagDef	Attack	Success	Move	AttType	Range	View	MoveSpeed	AttSpeed	Regen	Attri	ItemR	MoneyR	MaxI	ResWind	ResPois	ResIce	ResWater	ResFire
//=============================================================================================================================--------------------------------------------------------------------------------------------------------------
131	1	"Castle	gate"				0	2000	0	0	0	0	0	0	0	0	0	0	0	0	0	0	0	0	0	0	0	100	100	100	100
132	1	"Statue	of	Saint"				0	3000	0	0	0	0	0	0	0	0	0	0	0	0	0	0	0	0	0	0	0	100	100	100	100
133	1	"Statue	of	Saint"				0	3000	0	0	0	0	0	0	0	0	0	0	0	0	0	0	0	0	0	0	0	100	100	100	100
134	1	"Statue	of	Saint"				0	3000	0	0	0	0	0	0	0	0	0	0	0	0	0	0	0	0	0	0	0	100	100	100	100

//	Blood	Castle	1
//=============================================================================================================================--------------------------------------------------------------------------------------------------------------
//Numb	Rate	Name	Level	HP	MP	MinDmg	MaxDmg	Def	MagDef	Attack	Success	Move	AttType	Range	View	MoveSpeed	AttSpeed	Regen	Attri	ItemR	MoneyR	MaxI	ResWind	ResPois	ResIce	ResWater	ResFire
//=============================================================================================================================--------------------------------------------------------------------------------------------------------------
84	1	"King	Orc"				33	1100	0	100	120	55	0	190	45	3	0	1	3	400	2000	10	2	300	200	3	0	0	0	0	0
85	1	"Orc	Archer"				37	1400	0	110	130	65	0	210	49	3	0	5	7	400	1600	10	2	300	200	3	0	0	0	0	0
86	1	"Spirit	Soldier"				41	1700	0	120	140	75	0	230	61	3	0	1	3	400	2000	10	2	250	150	3	0	0	0	0	0
87	1	"Spirit	Beast"				44	2100	0	130	150	85	0	250	73	3	17	5	7	400	1600	10	2	250	150	3	0	0	0	0	0
88	1	"Spirit	Knight"				47	2800	0	140	160	95	0	270	77	3	0	1	3	400	2000	10	2	200	100	3	0	0	0	0	0
89	1	"Spirit	Sorcerer"				51	3700	0	150	180	115	0	300	88	4	150	4	6	400	1600	10	2	150	50	4	0	3	3	3	3

//	Blood	Castle	2
//=============================================================================================================================--------------------------------------------------------------------------------------------------------------
//Numb	Rate	Name	Level	HP	MP	MinDmg	MaxDmg	Def	MagDef	Attack	Success	Move	AttType	Range	View	MoveSpeed	AttSpeed	Regen	Attri	ItemR	MoneyR	MaxI	ResWind	ResPois	ResIce	ResWater	ResFire
//=============================================================================================================================--------------------------------------------------------------------------------------------------------------
90	1	"King	Orc"				49	3500	0	140	170	90	0	250	76	3	0	1	3	400	2000	10	2	300	200	3	0	1	1	1	1
91	1	"Orc	Archer"				53	4100	0	150	180	100	0	275	80	3	0	5	7	400	1600	10	2	300	200	3	0	1	1	1	1
92	1	"Spirit	Soldier"				56	5000	0	160	190	115	0	300	88	3	0	1	3	400	2000	10	2	250	150	3	0	1	1	1	1
93	1	"Spirit	Beast"				60	6000	0	175	210	130	0	320	95	3	17	5	7	400	1600	10	2	250	150	3	0	1	1	1	1
94	1	"Spirit	Knight"				64	7000	0	185	220	170	0	360	110	3	0	1	3	400	2000	10	2	200	100	3	0	1	1	1	1
95	1	"Spirit	Sorcerer"				69	8000	0	200	240	190	0	400	130	4	150	4	6	400	1800	10	2	150	50	4	0	4	4	4	4

//	Blood	Castle	3
//=============================================================================================================================--------------------------------------------------------------------------------------------------------------
//Numb	Rate	Name	Level	HP	MP	MinDmg	MaxDmg	Def	MagDef	Attack	Success	Move	AttType	Range	View	MoveSpeed	AttSpeed	Regen	Attri	ItemR	MoneyR	MaxI	ResWind	ResPois	ResIce	ResWater	ResFire
//=============================================================================================================================--------------------------------------------------------------------------------------------------------------
96	1	"King	Orc"				56	5000	0	160	180	110	0	300	85	3	0	1	3	400	2000	10	2	300	200	3	0	2	2	2	2
97	1	"Orc	Archer"				61	6500	0	180	200	120	0	330	93	3	0	5	7	400	1600	10	2	300	200	3	0	2	2	2	2
98	1	"Spirit	Soldier"				66	8000	0	190	220	150	0	360	98	3	0	1	3	400	2000	10	2	250	150	3	0	2	2	2	2
99	1	"Spirit	Beast"				70	9500	0	210	240	180	0	400	115	3	17	5	7	400	1600	10	2	250	150	3	0	2	2	2	2
111	1	"Spirit	Knight"				74	12000	0	220	260	190	0	440	130	3	0	1	3	400	2000	10	2	200	100	3	0	2	2	2	2
112	1	"Spirit	Sorcerer"				79	15000	0	230	280	240	0	500	180	4	150	4	6	400	1800	10	2	150	50	4	0	5	5	5	5

//	Blood	Castle	4
//=============================================================================================================================--------------------------------------------------------------------------------------------------------------
//Numb	Rate	Name	Level	HP	MP	MinDmg	MaxDmg	Def	MagDef	Attack	Success	Move	AttType	Range	View	MoveSpeed	AttSpeed	Regen	Attri	ItemR	MoneyR	MaxI	ResWind	ResPois	ResIce	ResWater	ResFire
//=============================================================================================================================--------------------------------------------------------------------------------------------------------------
113	1	"King	Orc"				64	7500	0	180	220	150	0	340	98	3	0	1	3	400	2000	10	2	300	200	3	0	4	4	4	4
114	1	"Orc	Archer"				69	9500	0	200	240	170	0	380	110	3	0	5	7	400	1600	10	2	300	200	3	0	4	4	4	4
115	1	"Spirit	Soldier"				75	12000	0	220	260	190	0	440	130	3	0	1	3	400	2000	10	2	250	150	3	0	4	4	4	4
116	1	"Spirit	Beast"				79	15000	0	250	290	210	0	500	150	3	17	5	7	400	1600	10	2	250	150	3	0	4	4	4	4
117	1	"Spirit	Knight"				82	18000	0	270	320	290	0	560	170	3	0	1	3	400	2000	10	2	200	100	3	0	4	4	4	4
118	1	"Spirit	Sorcerer"				84	24000	0	300	350	360	0	640	200	4	150	4	6	400	1800	10	2	150	50	4	0	7	7	7	7

//	Blood	Castle	5
//=============================================================================================================================--------------------------------------------------------------------------------------------------------------
//Numb	Rate	Name	Level	HP	MP	MinDmg	MaxDmg	Def	MagDef	Attack	Success	Move	AttType	Range	View	MoveSpeed	AttSpeed	Regen	Attri	ItemR	MoneyR	MaxI	ResWind	ResPois	ResIce	ResWater	ResFire
//=============================================================================================================================--------------------------------------------------------------------------------------------------------------
119	1	"King	Orc"				70	12000	0	210	270	185	0	380	125	3	0	1	3	400	2000	10	2	300	200	3	0	5	5	5	5
120	1	"Orc	Archer"				75	15000	0	240	300	190	0	420	130	3	0	5	7	400	1600	10	2	300	200	3	0	5	5	5	5
121	1	"Spirit	Soldier"				80	19000	0	280	340	220	0	470	175	3	0	1	3	400	2000	10	2	250	150	3	0	5	5	5	5
122	1	"Spirit	Beast"				85	23000	0	340	390	300	0	520	190	3	17	5	7	400	1600	10	2	250	150	3	0	5	5	5	5
123	1	"Spirit	Knight"				87	26000	0	370	410	400	0	650	200	3	0	1	3	400	2000	10	2	200	100	3	0	5	5	5	5
124	1	"Spirit	Sorcerer"				90	32000	0	400	460	450	0	720	260	4	150	4	6	400	1800	10	2	150	50	4	0	8	8	8	8

//	Blood	Castle	6
//=============================================================================================================================--------------------------------------------------------------------------------------------------------------
//Numb	Rate	Name	Level	HP	MP	MinDmg	MaxDmg	Def	MagDef	Attack	Success	Move	AttType	Range	View	MoveSpeed	AttSpeed	Regen	Attri	ItemR	MoneyR	MaxI	ResWind	ResPois	ResIce	ResWater	ResFire
//=============================================================================================================================--------------------------------------------------------------------------------------------------------------
125	1	"King	Orc"				76	17000	0	260	290	210	0	460	150	3	0	1	3	400	2000	10	2	300	200	3	0	6	6	6	6
126	1	"Orc	Archer"				81	20000	0	320	350	270	0	520	160	3	0	5	7	400	1600	10	2	300	200	3	0	6	6	6	6
127	1	"Spirit	Soldier"				86	25000	0	390	420	360	0	580	195	3	0	1	3	400	2000	10	2	250	150	3	0	6	6	6	6
128	1	"Spirit	Beast"				90	32000	0	440	500	400	0	660	230	3	17	5	7	400	1600	10	2	250	150	3	0	6	6	6	6
129	1	"Spirit	Knight"				94	38000	0	480	540	450	0	720	260	3	0	1	3	400	2000	10	2	200	100	3	0	6	6	6	6
130	1	"Spirit	Sorcerer"				99	47000	0	530	580	500	0	840	280	4	150	4	6	400	1800	10	2	150	50	4	0	9	9	9	9

//	Blood	Castle	7
//=============================================================================================================================--------------------------------------------------------------------------------------------------------------
//Numb	Rate	Name	Level	HP	MP	MinDmg	MaxDmg	Def	MagDef	Attack	Success	Move	AttType	Range	View	MoveSpeed	AttSpeed	Regen	Attri	ItemR	MoneyR	MaxI	ResWind	ResPois	ResIce	ResWater	ResFire
//=============================================================================================================================--------------------------------------------------------------------------------------------------------------
138	1	"King	Orc"				140	223000	0	2340	2390	940	300	1520	990	3	0	1	3	400	2000	10	2	300	200	3	5	12	12	12	12
139	1	"Orc	Archer"				142	226000	0	2390	2430	980	300	1590	1000	3	0	5	7	400	1600	10	2	300	200	3	5	12	12	12	12
140	1	"Spirit	Soldier"				145	232000	0	2430	2480	800	300	1660	1030	3	0	1	3	400	2000	10	2	250	150	3	5	12	12	12	12
141	1	"Spirit	Beast"				148	237000	0	2470	2520	840	300	1730	1050	3	17	5	7	400	1600	10	2	250	150	3	5	12	12	12	12
142	1	"Spirit	Knight"				156	245000	0	2510	2560	890	300	1800	1070	3	0	1	3	400	2000	10	2	200	100	3	5	12	12	12	12
143	1	"Spirit	Sorcerer"				160	255000	0	2560	2600	1050	300	1870	1110	4	150	4	6	400	1800	10	2	150	50	4	5	15	15	15	15

//	Blood	Castle	8
//=============================================================================================================================--------------------------------------------------------------------------------------------------------------
//Numb	Rate	Name	Level	HP	MP	MinDmg	MaxDmg	Def	MagDef	Attack	Success	Move	AttType	Range	View	MoveSpeed	AttSpeed	Regen	Attri	ItemR	MoneyR	MaxI	ResWind	ResPois	ResIce	ResWater	ResFire
//=============================================================================================================================--------------------------------------------------------------------------------------------------------------
428	1	"Orc	Warrior"				193	533000	0	10400	10430	8400	4500	8680	2200	3	0	1	3	400	1400	10	2	300	200	3	10	18	18	18	18
429	1	"Orc	Archer"				195	537000	0	10430	10460	8430	4500	8730	2230	3	0	5	7	400	1000	10	2	300	200	3	10	18	18	18	18
430	1	"Elite	Or"				198	542000	0	10460	10490	8460	4500	8760	2250	3	0	1	3	400	1400	10	2	250	150	3	10	18	18	18	18
431	1	"Spirit	Beast"				201	550000	0	10490	10520	8490	4500	8800	2270	3	17	5	7	400	1000	10	2	250	150	3	10	18	18	18	18
432	1	"Spirit	Knight"				205	555000	0	10520	10550	8520	4500	8850	2300	3	0	1	3	400	1400	10	2	200	100	3	10	18	18	18	18
433	1	"Spirit	Sorcerer"				211	561000	0	10550	10580	8580	4500	8900	2330	4	150	4	6	400	1200	10	2	150	50	4	10	21	21	21	20

//	Chaos	Castle
//=============================================================================================================================--------------------------------------------------------------------------------------------------------------
//Numb	Rate	Name	Level	HP	MP	MinDmg	MaxDmg	Def	MagDef	Attack	Success	Move	AttType	Range	View	MoveSpeed	AttSpeed	Regen	Attri	ItemR	MoneyR	MaxI	ResWind	ResPois	ResIce	ResWater	ResFire
//=============================================================================================================================--------------------------------------------------------------------------------------------------------------
162	1	"Chaos	Castle	1"				30	700	0	70	90	30	0	160	20	50	0	1	7	400	2000	10	2	300	200	3	0	0	0	0	0
163	1	"Chaos	Castle	2"				32	800	0	80	100	40	0	180	30	50	17	6	7	400	1600	10	2	300	200	3	0	0	0	0	0

164	1	"Chaos	Castle	3"				40	1600	0	110	130	70	0	225	60	50	0	1	7	400	2000	10	2	300	200	3	0	1	1	1	1
165	1	"Chaos	Castle	4"				45	2700	0	130	150	90	0	250	70	50	17	6	7	400	1600	10	2	300	200	3	0	1	1	1	1

166	1	"Chaos	Castle	5"				54	4000	0	140	160	100	0	270	80	50	0	1	7	400	2000	10	2	300	200	3	0	2	2	2	2
167	1	"Chaos	Castle	6"				60	5000	0	150	170	120	0	290	90	50	17	6	7	400	1600	10	2	300	200	3	0	2	2	2	2

168	1	"Chaos	Castle	7"				65	6500	0	170	190	140	0	320	110	50	0	1	7	400	2000	10	2	300	200	3	0	4	4	4	4
169	1	"Chaos	Castle	8"				68	8000	0	190	210	160	0	350	120	50	17	6	7	400	1600	10	2	300	200	3	0	4	4	4	4

170	1	"Chaos	Castle	9"				70	10000	0	210	230	170	0	370	120	50	0	1	7	400	2000	10	2	300	200	3	0	5	5	5	5
171	1	"Chaos	Castle	10"				75	12500	0	230	250	190	0	400	130	50	17	6	7	400	1600	10	2	300	200	3	0	5	5	5	5

172	1	"Chaos	Castle	11"				76	15000	0	250	270	210	0	430	140	50	0	1	7	400	2000	10	2	300	200	3	0	6	6	6	6
173	1	"Chaos	Castle	12"				80	18000	0	270	290	240	0	470	150	50	17	6	7	400	1600	10	2	300	200	3	0	6	6	6	6

//	Kalima	Gates
//=============================================================================================================================--------------------------------------------------------------------------------------------------------------
//Numb	Rate	Name	Level	HP	MP	MinDmg	MaxDmg	Def	MagDef	Attack	Success	Move	AttType	Range	View	MoveSpeed	AttSpeed	Regen	Attri	ItemR	MoneyR	MaxI	ResWind	ResPois	ResIce	ResWater	ResFire
//=============================================================================================================================--------------------------------------------------------------------------------------------------------------
152	1	"Magic	stone	of	%s"				10	50	0	0	0	0	0	0	0	0	0	0	0	0	0	0	2	0	0	0	0	0	0	0	0
153	1	"Magic	stone	of	%s"				10	50	0	0	0	0	0	0	0	0	0	0	0	0	0	0	2	0	0	0	0	0	0	0	0
154	1	"Magic	stone	of	%s"				10	50	0	0	0	0	0	0	0	0	0	0	0	0	0	0	2	0	0	0	0	0	0	0	0
155	1	"Magic	stone	of	%s"				10	50	0	0	0	0	0	0	0	0	0	0	0	0	0	0	2	0	0	0	0	0	0	0	0
156	1	"Magic	stone	of	%s"				10	50	0	0	0	0	0	0	0	0	0	0	0	0	0	0	2	0	0	0	0	0	0	0	0
157	1	"Magic	stone	of	%s"				10	50	0	0	0	0	0	0	0	0	0	0	0	0	0	0	2	0	0	0	0	0	0	0	0
158	1	"Magic	stone	of	%s"				10	50	0	0	0	0	0	0	0	0	0	0	0	0	0	0	2	0	0	0	0	0	0	0	0

//	Kalima	1
//=============================================================================================================================--------------------------------------------------------------------------------------------------------------
//Numb	Rate	Name	Level	HP	MP	MinDmg	MaxDmg	Def	MagDef	Attack	Success	Move	AttType	Range	View	MoveSpeed	AttSpeed	Regen	Attri	ItemR	MoneyR	MaxI	ResWind	ResPois	ResIce	ResWater	ResFire
//=============================================================================================================================--------------------------------------------------------------------------------------------------------------
147	1	"Aegis"				27	990	0	95	114	39	0	145	39	3	17	1	7	500	1500	1	2	100	0	3	0	8	8	8	8
148	1	"Lord	centurion"				29	1100	0	100	120	41	0	155	41	3	17	2	5	500	1500	1	2	100	0	3	0	9	9	9	9
146	1	"Bloody	soldier"				32	1250	0	105	125	45	0	168	44	3	17	6	7	500	1500	1	2	90	0	3	0	10	10	10	10
144	1	"Death	Angel"				34	1550	0	115	130	50	0	185	49	3	17	6	7	500	1500	1	2	80	0	3	0	11	11	11	11
149	1	"Necron"				38	1950	0	125	140	59	0	205	53	3	17	2	5	500	1500	1	2	80	0	3	0	12	12	12	12
145	1	"Death	Centurion"				43	2300	0	135	150	70	0	225	62	3	17	6	7	500	1500	1	2	70	0	3	0	13	13	13	13
160	1	"Schriker"				50	3200	0	155	174	90	0	260	78	3	17	6	7	500	1600	1	2	70	0	4	0	14	14	14	14
161	1	"Illusion	Kundun"				65	15000	0	200	400	150	0	300	100	3	150	10	7	800	1700	3600	2	100	0	4	0	30	30	30	30

//	Kalima	2
//=============================================================================================================================--------------------------------------------------------------------------------------------------------------
//Numb	Rate	Name	Level	HP	MP	MinDmg	MaxDmg	Def	MagDef	Attack	Success	Move	AttType	Range	View	MoveSpeed	AttSpeed	Regen	Attri	ItemR	MoneyR	MaxI	ResWind	ResPois	ResIce	ResWater	ResFire
//=============================================================================================================================--------------------------------------------------------------------------------------------------------------
177	1	"Aegis"				42	2050	0	135	150	68	0	220	54	3	17	1	7	500	1500	10	2	100	0	3	0	11	11	11	11
178	1	"Lord	centurion"				44	2350	0	140	155	75	0	230	60	3	17	2	5	500	1500	10	2	100	0	3	0	12	12	12	12
176	1	"Bloody	soldier"				47	2700	0	145	160	81	0	245	67	3	17	6	7	500	1500	10	2	90	0	3	0	13	13	13	13
174	1	"Death	Angel"				50	3200	0	155	170	90	0	260	74	3	17	6	7	500	1500	10	2	80	0	3	0	14	14	14	14
179	1	"Necron"				53	3900	0	167	180	100	0	280	81	3	17	2	5	500	1500	10	2	80	0	3	0	15	15	15	15
175	1	"Death	Centurion"				58	4900	0	180	200	117	0	310	91	3	17	6	7	500	1500	10	2	70	0	3	0	16	16	16	16
180	1	"Schriker"				65	8450	0	205	230	145	0	335	100	3	17	6	7	500	1600	10	2	70	0	4	0	17	17	17	17
181	1	"Illusion	Kundun"				80	30000	0	400	600	200	0	400	150	3	150	10	7	800	1700	3600	2	100	0	4	0	35	35	35	35

//	Kalima	3
//=============================================================================================================================--------------------------------------------------------------------------------------------------------------
//Numb	Rate	Name	Level	HP	MP	MinDmg	MaxDmg	Def	MagDef	Attack	Success	Move	AttType	Range	View	MoveSpeed	AttSpeed	Regen	Attri	ItemR	MoneyR	MaxI	ResWind	ResPois	ResIce	ResWater	ResFire
//=============================================================================================================================--------------------------------------------------------------------------------------------------------------
185	1	"Aegis"				57	4800	0	170	190	115	0	295	90	3	17	1	7	500	1500	10	2	100	0	3	0	14	14	14	14
186	1	"Lord	centurion"				59	5110	0	180	200	120	0	315	95	3	17	2	5	500	1500	10	2	100	0	3	0	15	15	15	15
184	1	"Bloody	soldier"				62	5730	0	190	215	130	0	330	99	3	17	6	7	500	1500	10	2	90	0	3	0	16	16	16	16
182	1	"Death	Angel"				65	6750	0	205	240	145	0	350	107	3	17	6	7	500	1500	10	2	80	0	3	0	17	17	17	17
187	1	"Necron"				68	8450	0	230	275	170	0	375	117	3	17	2	5	500	1500	10	2	80	0	3	0	18	18	18	18
183	1	"Death	Centurion"				73	11600	0	260	310	198	0	406	129	3	17	6	7	500	1500	10	2	70	0	3	0	19	19	19	19
188	1	"Schriker"				80	17500	0	335	355	225	0	465	155	3	17	6	7	500	1600	10	2	70	0	4	0	20	20	20	20
189	1	"Illusion	Kundun"				95	60000	0	600	800	400	0	600	200	3	150	10	7	800	1700	3600	2	100	0	4	0	40	40	40	40

//	Kalima	4
//=============================================================================================================================--------------------------------------------------------------------------------------------------------------
//Numb	Rate	Name	Level	HP	MP	MinDmg	MaxDmg	Def	MagDef	Attack	Success	Move	AttType	Range	View	MoveSpeed	AttSpeed	Regen	Attri	ItemR	MoneyR	MaxI	ResWind	ResPois	ResIce	ResWater	ResFire
//=============================================================================================================================--------------------------------------------------------------------------------------------------------------
193	1	"Aegis"				72	10000	0	245	290	190	0	390	125	3	17	1	7	500	1500	10	2	100	0	3	0	17	17	17	17
194	1	"Lord	centurion"				74	11700	0	265	310	200	0	410	130	3	17	2	5	500	1500	10	2	100	0	3	0	18	18	18	18
192	1	"Bloody	soldier"				77	14000	0	295	330	215	0	430	140	3	17	6	7	500	1500	10	2	90	0	3	0	19	19	19	19
190	1	"Death	Angel"				80	17500	0	335	370	235	0	465	155	3	17	6	7	500	1500	10	2	80	0	3	0	20	20	20	20
195	1	"Necron"				83	23000	0	390	420	275	0	530	180	3	17	2	5	500	1500	10	2	80	0	3	0	21	21	21	21
191	1	"Death	Centurion"				88	32000	0	460	530	330	0	610	215	3	17	6	7	500	1500	10	2	70	0	3	0	22	22	22	22
196	1	"Schriker"				95	43000	0	530	640	415	0	700	255	3	17	6	7	500	1600	10	2	70	0	4	0	23	23	23	23
197	1	"Illusion	Kundun"				110	100000	0	800	1000	600	0	800	300	3	150	10	7	800	1700	3600	2	100	0	4	0	45	45	45	45

//	Kalima	5
//=============================================================================================================================--------------------------------------------------------------------------------------------------------------
//Numb	Rate	Name	Level	HP	MP	MinDmg	MaxDmg	Def	MagDef	Attack	Success	Move	AttType	Range	View	MoveSpeed	AttSpeed	Regen	Attri	ItemR	MoneyR	MaxI	ResWind	ResPois	ResIce	ResWater	ResFire
//=============================================================================================================================--------------------------------------------------------------------------------------------------------------
263	1	"Aegis"				87	29000	0	450	510	325	0	600	220	3	17	1	7	500	1500	10	2	100	0	3	17	20	20	20	20
264	1	"Lord	centurion"				89	32000	0	470	550	340	0	625	230	3	17	2	5	500	1500	10	2	100	0	3	0	21	21	21	21
262	1	"Bloody	soldier"				92	36500	0	490	586	370	0	670	245	3	17	6	7	500	1500	10	2	90	0	3	0	22	22	22	22
260	1	"Death	Angel"				95	43000	0	530	630	415	0	720	262	3	17	6	7	500	1500	10	2	80	0	3	20	23	23	23	23
265	1	"Necron"				98	50000	0	575	690	455	0	790	285	3	17	2	5	500	1500	10	2	80	0	3	21	24	24	24	24
261	1	"Death	Centurion"				103	58000	0	640	742	525	0	880	315	3	17	6	7	500	1500	10	2	70	0	3	0	25	25	25	25
266	1	"Schriker"				111	68500	0	740	810	615	0	960	365	3	17	6	7	500	1600	10	2	70	0	4	23	26	26	26	26
267	1	"Illusion	Kundun"				125	300000	0	900	1100	800	0	1050	500	3	150	10	7	800	1700	3600	2	100	0	4	0	50	50	50	50

//	Kalima	6
//=============================================================================================================================--------------------------------------------------------------------------------------------------------------
//Numb	Rate	Name	Level	HP	MP	MinDmg	MaxDmg	Def	MagDef	Attack	Success	Move	AttType	Range	View	MoveSpeed	AttSpeed	Regen	Attri	ItemR	MoneyR	MaxI	ResWind	ResPois	ResIce	ResWater	ResFire
//=============================================================================================================================--------------------------------------------------------------------------------------------------------------
271	1	"Aegis"				104	62000	0	645	705	540	0	1000	320	3	17	1	7	500	1500	10	2	100	0	3	17	23	23	23	23
272	1	"Lord	centurion"				107	66500	0	665	745	555	0	1000	330	3	17	2	5	500	1500	10	2	100	0	3	0	24	24	24	24
270	1	"Bloody	soldier"				110	73000	0	705	801	585	0	1000	345	3	17	6	7	500	1500	10	2	90	0	3	0	25	25	25	25
268	1	"Death	Angel"				114	80000	0	750	850	630	0	1000	370	3	17	6	7	500	1500	10	2	80	0	3	20	26	26	26	26
273	1	"Necron"				118	88000	0	815	930	670	0	1070	393	3	17	2	5	500	1500	10	2	80	0	3	21	27	27	27	27
269	1	"Death	Centurion"				122	98500	0	900	1017	740	0	1100	423	3	17	6	7	500	1500	10	2	70	0	3	0	28	28	28	28
274	1	"Schriker"				131	135000	0	1020	1120	830	0	1140	473	3	17	6	7	500	1600	10	2	70	0	4	23	29	29	29	29
338	1	"Relics	of	Kundun"				140	9000000	0	1050	1200	800	0	1250	600	3	150	2	7	400	1400	7200	2	160	14	3	0	1500	1500	1500	1500

//	Kalima	7
//=============================================================================================================================--------------------------------------------------------------------------------------------------------------
//Numb	Rate	Name	Level	HP	MP	MinDmg	MaxDmg	Def	MagDef	Attack	Success	Move	AttType	Range	View	MoveSpeed	AttSpeed	Regen	Attri	ItemR	MoneyR	MaxI	ResWind	ResPois	ResIce	ResWater	ResFire
//=============================================================================================================================--------------------------------------------------------------------------------------------------------------
331	1	"Aegis"				114	82000	0	745	805	540	0	1020	320	3	17	1	7	500	1500	10	2	100	0	3	17	23	23	23	23
332	1	"Lord	Centurion"				117	86500	0	765	845	555	0	1020	330	3	17	2	5	500	1500	10	2	100	0	3	0	24	24	24	24
333	1	"Bloody	Soldier"				118	93000	0	805	901	585	0	1020	345	3	17	6	7	500	1500	10	2	90	0	3	0	25	25	25	25
334	1	"Death	Angel"				120	100000	0	850	950	630	0	1020	370	3	17	6	7	500	1500	10	2	80	0	3	20	26	26	26	26
335	1	"Necron"				125	108000	0	915	1030	670	0	1090	393	3	17	2	5	500	1500	10	2	80	0	3	21	27	27	27	27
336	1	"Death	Centurion"				128	118500	0	1000	1117	740	0	1160	423	3	17	6	7	500	1500	10	2	70	0	3	0	28	28	28	28
337	1	"Schriker"				137	155000	0	1120	1220	830	0	1300	473	3	17	6	7	500	1600	10	2	70	0	4	23	29	29	29	29
275	1	"Kundun	Demon"				148	9000000	0	62150	62300	65900	69000	64000	9000	3	150	2	7	900	200	21600	2	160	14	3	0	5000	5000	5000	5000

//	Golden	Monsters
//=============================================================================================================================--------------------------------------------------------------------------------------------------------------
//Numb	Rate	Name	Level	HP	MP	MinDmg	MaxDmg	Def	MagDef	Attack	Success	Move	AttType	Range	View	MoveSpeed	AttSpeed	Regen	Attri	ItemR	MoneyR	MaxI	ResWind	ResPois	ResIce	ResWater	ResFire
//=============================================================================================================================--------------------------------------------------------------------------------------------------------------
42	1	"Red	Dragon"				360	9900000	0	5000	5500	7300	300	5000	2000	3	150	15	10	800	1500	3600	2	100	0	4	0	100	254	100	100

44	1	"Golden	Dragon"				300	1500000	0	5900	6100	7520	100	5300	2288	3	150	2	7	400	1400	100	2	50	10	0	0	9	7	9	9
43	1	"Golden	Budge	Dragon"				60	250000	0	1200	1250	245	100	75	230	3	0	1	7	400	1400	600	2	10	10	0	0	2	2	2	2
55	1	"Death	King"				100	350000	0	1005	1100	237	100	150	237	2	0	2	6	400	1800	20	2	200	14	3	0	2	2	2	2
56	1	"Death	Bone"				80	100000	0	850	900	229	100	120	229	3	0	1	5	400	1600	20	2	200	14	4	0	1	1	1	1
81	1	"Golden	Lizard	King"				150	1000000	0	1900	2000	310	100	310	290	3	17	4	7	400	1600	8	2	185	14	3	0	0	0	3	0
54	1	"Golden	Solider"				120	500000	0	1400	1500	275	100	230	264	3	0	5	7	400	1800	20	2	200	14	3	0	3	3	3	3

78	1	"Golden	Goblin"				65	3200000	0	1250	1300	300	100	100	400	3	0	1	7	400	1400	600	2	10	10	0	0	2	2	2	2
53	1	"Golden	Titan"				140	6500000	0	5700	3800	1005	100	265	870	3	150	3	7	400	2000	20	2	200	14	3	0	5	5	5	5
79	1	"Golden	Dragon"				200	8000000	0	5000	3500	930	100	400	1000	3	150	2	7	400	1800	5	2	50	10	0	0	9	7	9	9
80	1	"Golden	Vepar"				210	9900000	0	8100	9600	1040	100	415	1050	3	3	3	7	400	1600	15	2	175	14	3	0	9	7	9	9
82	1	"Golden	Tantallos"				240	9900000	0	11500	19060	11200	100	450	3085	3	150	2	7	400	900	70	2	180	30	3	0	9	7	9	9

83	1	"Golden	wheel"				140	1500000	0	3200	360	430	100	385	260	3	0	4	7	400	1400	70	2	180	30	3	0	9	7	9	9
150	1	"Bali"				149	900000	0	1650	170	300	100	260	175	3	0	1	7	400	1600	1	2	160	10	3	0	6	6	6	6
151	1	"Gold	Warrior"				115	900000	0	1750	180	310	100	290	186	3	0	4	7	400	1600	100	2	160	10	3	0	6	6	6	6

493	1	"Golden	Dark	Knight"				140	8600000	0	12200	23100	1480	200	265	177	3	0	10	5	400	1400	10	2	250	14	3	0	10	10	7	4
494	1	"Golden	Devil"				180	13600000	0	12700	22950	1445	200	400	190	3	0	10	7	400	2000	10	2	350	14	3	0	7	8	3	10
495	1	"Golden	Golem"				270	23500000	0	13100	23600	1645	200	500	308	6	0	10	7	400	1500	5	2	280	14	3	0	2	10	5	9
496	1	"Golden	Crust"				240	67400000	0	13250	23900	1700	200	450	285	3	0	10	5	500	1400	10	2	230	14	3	0	7	10	10	4
497	1	"Golden	Satyrus"				240	69700000	0	14050	24350	1730	200	475	295	3	0	10	7	500	1500	10	2	255	14	3	0	5	9	8	7
498	1	"Golden	Twin	Tale"				320	86820000	0	17000	24000	1400	200	560	353	3	0	10	7	500	1500	10	2	230	14	3	0	10	8	10	10
499	1	"Golden	Iron	Knight"				340	99435000	0	19000	23000	2000	200	600	383	3	0	10	7	500	1500	10	2	240	14	3	0	9	4	4	6
500	1	"Golden	Napin"				300	70625000	0	16500	22300	1710	200	525	323	3	0	10	8	500	1500	10	2	260	14	3	0	9	10	9	9
501	1	"Golden	Great	Dragon"				190	20500000	0	14050	24550	1580	200	460	290	3	0	10	7	400	1800	10	2	150	14	3	0	10	17	2	10
502	1	"Golden	Rabbit"				99	450000	0	12000	11350	1200	200	162	148	3	0	10	5	400	1500	10	2	200	14	3	0	6	8	10	7

//	White	Wizard
//=============================================================================================================================--------------------------------------------------------------------------------------------------------------
//Numb	Rate	Name	Level	HP	MP	MinDmg	MaxDmg	Def	MagDef	Attack	Success	Move	AttType	Range	View	MoveSpeed	AttSpeed	Regen	Attri	ItemR	MoneyR	MaxI	ResWind	ResPois	ResIce	ResWater	ResFire
//=============================================================================================================================--------------------------------------------------------------------------------------------------------------
135	1	"White	Wizard"				280	992900000	0	99370	99410	16900	36000	99850	4800	4	3	5	6	400	450	20	2	150	50	4	10	25	25	25	25
136	1	"Destructive	soldier"				200	912500000	0	60210	60240	16680	34800	60700	4725	3	0	1	3	400	900	20	2	300	200	3	10	17	17	17	17
137	1	"Destructive	archer"				200	914500000	0	60220	60260	16690	34800	60740	4730	3	0	5	5	400	800	20	2	300	200	3	10	18	18	18	18

//	Traps
//=============================================================================================================================--------------------------------------------------------------------------------------------------------------
//Numb	Rate	Name	Level	HP	MP	MinDmg	MaxDmg	Def	MagDef	Attack	Success	Move	AttType	Range	View	MoveSpeed	AttSpeed	Regen	Attri	ItemR	MoneyR	MaxI	ResWind	ResPois	ResIce	ResWater	ResFire
//=============================================================================================================================--------------------------------------------------------------------------------------------------------------	
100	1	"Lance"				80	1000	0	100	110	0	0	400	500	0	0	4	1	500	1000	3	1	200	10	0	0	0	0	0	0
101	1	"Iron	Stick"				80	1000	0	110	130	0	0	400	500	0	0	0	1	500	1000	3	1	200	10	0	0	0	0	0	0
102	1	"Fire"				80	1000	0	130	150	0	0	400	500	0	0	2	1	500	1000	3	1	200	10	0	0	0	0	0	0
103	1	"Meteorite"				90	1000	0	160	190	0	0	450	500	0	50	0	1	500	1000	3	1	200	10	0	0	0	0	0	0
104	1	"Trap"				2	50	0	500	600	0	0	800	30	0	50	0	1	0	1000	0	0	0	0	0	0	0	0	0	0
105	1	"Cannon	Trap"				80	1000	0	200	203	0	0	400	500	0	0	4	2	500	1000	3	1	200	10	0	0	0	0	0	0
106	1	"Laser	Trap"				80	1000	0	150	152	0	0	400	500	0	0	1	1	500	1000	3	1	200	10	0	0	0	0	0	0

//	NPCs
//=============================================================================================================================--------------------------------------------------------------------------------------------------------------
//Numb	Rate	Name	Level	HP	MP	MinDmg	MaxDmg	Def	MagDef	Attack	Success	Move	AttType	Range	View	MoveSpeed	AttSpeed	Regen	Attri	ItemR	MoneyR	MaxI	ResWind	ResPois	ResIce	ResWater	ResFire
//=============================================================================================================================--------------------------------------------------------------------------------------------------------------
226	1	"Trainer"				2	50	0	15	30	70	20	10	30	0	0	0	5	400	1500	10	0	200	10	0	0	0	0	0	0
229	1	"Malron"				2	50	0	15	30	70	20	10	30	0	0	0	5	400	1500	10	0	200	10	0	0	0	0	0	0
230	1	"Alex"				2	50	0	15	30	70	20	10	30	0	0	0	5	400	1500	10	0	200	10	0	0	0	0	0	0
231	1	"Thomson	Cannel"				2	50	0	15	30	70	20	10	30	0	0	0	5	400	1500	10	0	200	10	0	0	0	0	0	0
232	1	"Archangel"				2	50	0	15	30	70	20	10	30	0	0	0	5	400	1500	10	0	200	10	0	0	0	0	0	0
233	1	"Spirit	of	Archangel"				2	50	0	15	30	70	20	10	30	0	0	0	5	400	1500	10	0	200	10	0	0	0	0	0	0
234	1	"Goblin	Gate"				2	50	0	15	30	70	20	10	30	0	0	0	5	400	1500	10	0	200	10	0	0	0	0	0	0
235	1	"Priest	Sevina"				2	50	0	15	30	70	20	10	30	0	0	0	5	400	1500	10	0	200	10	0	0	0	0	0	0
236	1	"Golden	Archer"				2	50	0	15	30	70	20	10	30	0	0	0	5	400	1500	10	0	200	10	0	0	0	0	0	0
237	1	"Charon"				2	50	0	15	30	70	20	10	30	0	0	0	5	400	1500	10	0	200	10	0	0	0	0	0	0
238	1	"Chaos	Goblin"				2	50	0	15	30	70	20	10	30	0	0	0	5	400	1500	10	0	200	10	0	0	0	0	0	0
240	1	"Baz,	Storage	Guard"				2	50	0	15	30	70	20	10	30	0	0	0	5	400	1500	10	0	200	10	0	0	0	0	0	0
241	1	"Lawrence,	Commander"				2	50	0	15	30	70	20	10	30	0	0	0	5	400	1500	10	0	200	10	0	0	0	0	0	0
242	1	"Elf	Lala"				2	50	0	15	30	70	20	10	30	0	0	0	5	400	1500	10	0	200	10	0	0	0	0	0	0
243	1	"Eo,	Craftsman"				2	50	0	15	30	70	20	10	30	0	0	0	5	400	1500	10	0	200	10	0	0	0	0	0	0
244	1	"Lumen,	Barmaid"				2	50	0	15	30	70	20	10	30	0	0	0	5	400	1500	10	0	200	10	0	0	0	0	0	0
245	1	"Isabel,	Wizard"				2	50	0	15	30	70	20	10	30	0	0	0	5	400	1500	10	0	200	10	0	0	0	0	0	0
246	1	"Zienna,	Wea	Merchant"				20	1000	0	15	30	70	0	100	30	0	0	0	5	400	1500	10	0	200	10	0	0	0	0	0	0
247	1	"Crossbow	Guard"				90	10000	0	180	195	70	20	300	100	5	0	2	2	400	1500	10	1	200	10	0	0	0	0	0	0
248	1	"Martin,	Wandering"				20	1000	0	15	30	70	0	100	30	0	0	0	5	400	1500	10	0	200	10	0	0	0	0	0	0
249	1	"Berdysh	Guard"				90	10000	0	180	195	70	20	300	100	5	0	5	5	400	1500	10	1	200	10	0	0	0	0	0	0
250	1	"Harold,	Wandering"				20	1000	0	15	30	70	20	100	30	0	0	0	5	400	1000	10	0	200	10	0	0	0	0	0	0
251	1	"Hanzo,	Blacksmith"				20	1000	0	15	30	70	20	100	30	0	0	0	5	400	1500	10	0	200	10	0	0	0	0	0	0
252	1	"monstro	252"				2	50	0	15	30	70	20	10	30	0	0	2	5	400	1000	10	0	200	10	0	0	0	0	0	0
253	1	"Amy,	Potion	Girl"				2	50	0	15	30	70	20	10	30	0	0	0	5	400	1500	10	0	200	10	0	0	0	0	0	0
254	1	"Pasi,Wizard"				2	50	0	15	30	70	20	10	30	0	0	0	5	400	1500	10	0	200	10	0	0	0	0	0	0
255	1	"Liaman,	Barmaid"				2	50	0	15	30	70	20	10	30	0	0	0	5	400	1500	10	0	200	10	0	0	0	0	0	0
256	1	"Lahap"				2	50	0	15	30	70	20	10	30	0	0	0	5	400	1500	10	0	200	10	0	0	0	0	0	0
257	1	"Elf	Soldier"				2	50	0	15	30	70	20	10	30	0	0	0	5	400	1500	10	0	200	10	0	0	0	0	0	0

296	1	"NPC	296"				83	22000	0	335	385	250	0	500	175	3	150	2	7	400	1400	20	2	160	30	3	0	9	9	9	9

239	1	"Stadium	Guard"				2	50	0	15	30	70	20	10	30	0	0	0	5	400	1500	10	0	200	10	0	0	0	0	0	0

//	Castle	Siege	NPC
//=============================================================================================================================--------------------------------------------------------------------------------------------------------------
//Numb	Rate	Name	Level	HP	MP	MinDmg	MaxDmg	Def	MagDef	Attack	Success	Move	AttType	Range	View	MoveSpeed	AttSpeed	Regen	Attri	ItemR	MoneyR	MaxI	ResWind	ResPois	ResIce	ResWater	ResFire
//=============================================================================================================================--------------------------------------------------------------------------------------------------------------
215	1	"Shield"				2	50	0	15	30	70	20	10	30	0	0	0	5	400	1500	10	0	200	10	0	0	0	0	0	0
216	1	"Crown"				2	50	0	15	30	70	20	10	30	0	0	0	0	0	0	0	0	0	0	0	0	0	0	0	0
217	1	"Crown	Switch2"				2	50	0	15	30	70	20	10	30	0	0	0	0	0	0	0	0	0	0	0	0	0	0	0	0
218	1	"Crown	Switch1"				2	50	0	15	30	70	20	10	30	0	0	0	0	0	0	0	0	0	0	0	0	0	0	0	0
219	1	"Castle	Gate	Switch"				2	50	0	15	30	70	20	10	30	0	0	0	0	0	0	0	0	0	0	0	0	0	0	0	0
220	1	"Guard"				2	50	0	15	30	70	20	10	30	0	0	0	0	400	1500	0	0	0	0	0	0	0	0	0	0
221	1	"Slingshot	Attack"				2	50	0	15	30	70	20	10	30	0	0	0	0	400	1500	0	0	0	0	0	0	0	0	0	0
222	1	"Slingshot	Defend"				2	50	0	15	30	70	20	10	30	0	0	0	0	400	1500	0	0	0	0	0	0	0	0	0	0
223	1	"Senior"				2	50	0	15	30	70	20	10	30	0	0	0	0	0	0	0	0	0	0	0	0	0	0	0	0
224	1	"Guardsman"				2	50	0	15	30	70	20	10	30	0	0	0	0	0	0	0	0	0	0	0	0	0	0	0	0


277	1	"Castle	Gate1"				2	50	0	15	30	70	20	10	30	0	0	0	0	0	0	0	0	0	0	0	0	0	0	0	0
278	1	"Life	Stone"				2	250000	0	15	30	70	20	10	30	0	0	0	0	0	0	0	0	0	0	0	0	0	0	0	0
283	1	"Guardian	Statue"				2	50	0	15	30	70	20	10	30	0	0	0	0	0	0	0	0	0	0	0	0	0	0	0	0
285	1	"Guardian"				2	30000	0	15	30	70	20	10	30	0	0	0	5	400	1500	10	0	200	10	0	0	0	0	0	0
286	1	"Battle	Guard1"				100	23000	0	340	390	340	0	520	190	0	0	6	7	400	2000	0	2	0	0	0	0	7	7	7	7
287	1	"Battle	Guard2"				100	26000	0	390	430	380	0	590	200	0	0	1	3	400	1600	0	2	0	0	0	0	7	7	7	7
288	1	"Cannon	Tower"				200	50	0	575	610	500	20	1000	30	0	150	7	6	400	2000	0	0	0	0	0	0	0	0	0	0

//	Land	of	Trials	Monsters
//=============================================================================================================================--------------------------------------------------------------------------------------------------------------
//Numb	Rate	Name	Level	HP	MP	MinDmg	MaxDmg	Def	MagDef	Attack	Success	Move	AttType	Range	View	MoveSpeed	AttSpeed	Regen	Attri	ItemR	MoneyR	MaxI	ResWind	ResPois	ResIce	ResWater	ResFire
//=============================================================================================================================--------------------------------------------------------------------------------------------------------------
290	1	"Lizard	Warrior"				100	190000	0	1270	1320	1010	0	1430	1140	3	0	1	5	400	1400	1	2	200	14	3	0	26	26	26	26
291	1	"Fire	Golem"				102	190000	0	1560	1600	1150	0	1870	1310	3	0	1	7	500	1600	1	2	150	50	4	0	29	29	29	29
292	1	"Queen	Bee"				101	170000	0	1489	1540	960	0	1620	1240	3	3	5	5	500	2000	1	2	180	14	3	0	28	28	28	28
293	1	"Poison	Golem"				98	150000	0	1375	1425	875	0	1530	1190	3	17	4	6	500	2000	1	2	180	30	3	0	27	27	27	27
294	1	"Axe	Warrior"				96	110000	0	1200	1300	850	0	1190	1485	3	0	5	7	500	1600	1	2	130	24	4	0	29	29	29	29
295	1	"Erohim"				149	99999999	0	61500	62000	61000	61000	61500	11800	3	150	6	8	950	300	43200	2	100	30	4	0	100	254	100	100

//	Castle	Deep	Monsters
//=============================================================================================================================--------------------------------------------------------------------------------------------------------------
//Numb	Rate	Name	Level	HP	MP	MinDmg	MaxDmg	Def	MagDef	Attack	Success	Move	AttType	Range	View	MoveSpeed	AttSpeed	Regen	Attri	ItemR	MoneyR	MaxI	ResWind	ResPois	ResIce	ResWater	ResFire
//=============================================================================================================================--------------------------------------------------------------------------------------------------------------
300	1	"Hero	Mutant"				82	20000	0	500	560	380	0	415	170	20	0	1	10	800	1600	1	2	150	10	3	0	16	16	16	16
301	1	"Omega	Wing"				102	69000	0	978	1080	720	0	670	290	20	0	1	10	800	1600	1	2	150	10	3	0	26	26	28	26
302	1	"Axe	Hero"				85	23000	0	510	580	390	0	435	175	20	0	1	10	800	1600	1	2	150	10	3	0	50	50	50	50
303	1	"Gigas	Golem"				94	50000	0	750	850	550	0	580	240	20	17	5	10	1000	2500	1	2	150	10	3	0	54	54	54	54


//	Aida	Monsters
//=============================================================================================================================--------------------------------------------------------------------------------------------------------------
//Numb	Rate	Name	Level	HP	MP	MinDmg	MaxDmg	Def	MagDef	Attack	Success	Move	AttType	Range	View	MoveSpeed	AttSpeed	Regen	Attri	ItemR	MoneyR	MaxI	ResWind	ResPois	ResIce	ResWater	ResFire
//=============================================================================================================================--------------------------------------------------------------------------------------------------------------
304	1	"Witch	Queen"				84	921200	0	5380	5410	5275	10000	7000	1185	3	150	3	7	400	1400	2	2	160	14	3	0	9	7	9	9
305	1	"Blue	Golem"				74	912500	0	5260	5290	5195	10000	7200	1125	3	150	3	7	400	1400	2	2	160	14	3	0	9	7	9	9
306	1	"Death	Rider"				68	998000	0	5232	5262	5170	10000	6600	1110	3	150	3	7	400	1400	2	2	160	14	3	0	9	7	9	9
307	1	"Forest	Orc"				64	996500	0	5230	5250	5150	10000	6800	1595	3	150	3	7	400	1400	2	2	160	14	3	0	9	7	9	9
308	1	"Death	Tree"				62	996000	0	5220	5245	5145	10000	6400	1590	3	150	3	7	400	1400	2	2	160	14	3	0	9	7	9	9
309	1	"Hell	Maine"				98	400000	0	9550	9600	10520	30000	12400	3300	3	150	3	7	400	900	2	2	160	14	3	0	9	7	9	9
//	CryWolf	Boss
//=============================================================================================================================--------------------------------------------------------------------------------------------------------------
//Numb	Rate	Name	Level	HP	MP	MinDmg	MaxDmg	Def	MagDef	Attack	Success	Move	AttType	Range	View	MoveSpeed	AttSpeed	Regen	Attri	ItemR	MoneyR	MaxI	ResWind	ResPois	ResIce	ResWater	ResFire
//=============================================================================================================================--------------------------------------------------------------------------------------------------------------
340	1	"Dark	Elf"				135	10000000	0	3000	6000	6500	0	40000	10000	6	0	6	10	700	1700	10	2	150	14	3	0	23	23	23	23
341	1	"Soram"				134	900000	0	500	650	500	0	40000	10000	6	0	4	7	700	1700	10	2	150	14	3	0	25	25	25	25
344	1	"Balram"				132	1400000	0	600	1140	685	0	40000	10000	6	0	7	7	700	1700	10	2	150	14	3	0	23	23	23	23
345	1	"Death	Spirit"				134	950000	0	600	650	500	0	40000	10000	6	0	6	7	700	1700	10	2	150	14	3	0	25	25	25	25
348	1	"Ballista"				133	5000000	0	700	750	550	0	40000	10000	6	0	6	7	700	1700	10	2	150	14	3	0	23	23	23	23
349	1	"Balgass"				149	9999999999	0	65000	68000	68000	68000	64000	12000	7	0	6	7	1000	200	10	2	150	14	3	0	23	23	23	23

//	CryWolf	Monsters
//=============================================================================================================================--------------------------------------------------------------------------------------------------------------
//Numb	Rate	Name	Level	HP	MP	MinDmg	MaxDmg	Def	MagDef	Attack	Success	Move	AttType	Range	View	MoveSpeed	AttSpeed	Regen	Attri	ItemR	MoneyR	MaxI	ResWind	ResPois	ResIce	ResWater	ResFire
//=============================================================================================================================--------------------------------------------------------------------------------------------------------------

310	1	"Hammer	Scout"				130	195000	0	15330	15360	10320	30000	12000	5350	6	0	1	5	600	900	1	2	180	14	3	30	30	30	30	30
311	1	"Lance	Scout"				130	195000	0	15330	15460	10320	30000	12000	5350	6	0	3	6	600	900	1	2	180	14	3	30	30	30	30	30
312	1	"Bow	Scout"				130	1195000	0	15330	15460	10320	30000	12000	5350	6	0	6	7	700	900	1	2	180	14	3	30	30	30	30	30
313	1	"Werewolf"				130	190000	0	15330	15550	10380	30000	12000	5455	6	0	1	7	600	900	1	2	180	14	3	40	40	40	40	40
314	1	"Scout	Hero"				130	190000	0	15390	15610	10400	30000	12000	5570	6	0	2	7	700	900	1	2	150	14	3	40	40	40	40	40
315	1	"Werewolf	Hero"				150	193000	0	15464	15815	10450	30000	13000	5597	6	0	2	7	700	900	1	2	150	14	3	40	40	40	40	40
316	1	"Valam"				150	190000	0	15575	15840	10505	30000	14000	5540	6	0	3	7	700	900	1	2	130	14	3	40	40	40	40	40
317	1	"Solam"				150	190000	0	15600	15900	10552	30000	15000	5600	6	0	7	7	700	900	1	2	130	14	3	50	50	50	50	50

//	CryWolf	Altar
//=============================================================================================================================--------------------------------------------------------------------------------------------------------------
//Numb	Rate	Name	Level	HP	MP	MinDmg	MaxDmg	Def	MagDef	Attack	Success	Move	AttType	Range	View	MoveSpeed	AttSpeed	Regen	Attri	ItemR	MoneyR	MaxI	ResWind	ResPois	ResIce	ResWater	ResFire
//=============================================================================================================================--------------------------------------------------------------------------------------------------------------	
204	1	"Wolf	Statue"				2	50	0	15	30	70	20	10	30	0	0	0	0	0	0	0	0	0	0	0	0	0	0	0	0
205	1	"Wolf	Altar	1"				2	50	0	15	30	70	20	10	30	0	0	0	0	0	0	0	0	0	0	0	0	0	0	0	0
206	1	"Wolf	Altar	2"				2	50	0	15	30	70	20	10	30	0	0	0	0	0	0	0	0	0	0	0	0	0	0	0	0
207	1	"Wolf	Altar	3"				2	50	0	15	30	70	20	10	30	0	0	0	0	0	0	0	0	0	0	0	0	0	0	0	0
208	1	"Wolf	Altar	4"				2	50	0	15	30	70	20	10	30	0	0	0	0	0	0	0	0	0	0	0	0	0	0	0	0
209	1	"Wolf	Altar	5"				2	50	0	15	30	70	20	10	30	0	0	0	0	0	0	0	0	0	0	0	0	0	0	0	0

//Event	Exclusive	NPC	Update	-	2006.1.23
//=============================================================================================================================--------------------------------------------------------------------------------------------------------------
//Numb	Rate	Name	Level	HP	MP	MinDmg	MaxDmg	Def	MagDef	Attack	Success	Move	AttType	Range	View	MoveSpeed	AttSpeed	Regen	Attri	ItemR	MoneyR	MaxI	ResWind	ResPois	ResIce	ResWater	ResFire
//=============================================================================================================================--------------------------------------------------------------------------------------------------------------
258	1	"Luke	the	Helper"				90	10000	0	180	195	70	20	300	100	5	0	5	5	400	1500	10	1	200	10	0	0	0	0	0	0
259	1	"Oracle	Layla"				2	50	0	15	30	70	20	10	30	0	0	0	5	400	1500	10	0	200	10	0	0	0	0	0	0

//	Kanturu	Monsters
//=============================================================================================================================--------------------------------------------------------------------------------------------------------------
//Numb	Rate	Name	Level	HP	MP	MinDmg	MaxDmg	Def	MagDef	Attack	Success	Move	AttType	Range	View	MoveSpeed	AttSpeed	Regen	Attri	ItemR	MoneyR	MaxI	ResWind	ResPois	ResIce	ResWater	ResFire
//=============================================================================================================================--------------------------------------------------------------------------------------------------------------
350	1	"Berserker"				100	390000	0	400	440	1310	0	640	340	3	0	2	7	800	1700	1	2	110	0	4	0	50	50	50	50
351	1	"Splinter	Wolf"				80	392000	0	280	320	1205	0	460	163	3	0	2	7	500	1500	1	2	155	0	3	0	20	20	20	20
352	1	"Iron	Rider"				82	395000	0	300	340	1215	0	490	168	3	0	2	5	500	1500	1	2	155	0	3	0	21	21	21	21
353	1	"Satyros"				85	398000	0	320	360	1230	0	540	177	3	0	2	7	500	1500	1	2	155	0	3	0	22	22	22	22
354	1	"Blade	Hunter"				88	391000	0	340	380	1250	0	540	195	3	0	1	7	500	1500	1	2	135	0	3	0	23	23	23	23
355	1	"Kentauros"				93	394000	0	360	400	1270	0	570	220	3	0	4	5	500	1500	1	2	135	0	3	0	24	24	24	24
356	1	"Gigantis"				98	397000	0	380	420	1290	0	620	250	3	0	2	7	500	1500	1	2	135	0	3	0	25	25	25	25
357	1	"Genocider"				100	393000	0	420	460	1330	0	650	290	3	0	2	7	500	1600	1	2	135	0	4	0	26	26	26	26
358	1	"Persona"				101	396000	0	440	480	1370	0	685	380	3	0	5	7	500	1600	1	2	130	0	4	0	29	29	29	29
359	1	"Twin	Tail"				105	399000	0	460	500	1350	0	665	360	3	0	4	7	500	1500	1	2	130	0	3	0	28	28	28	28
360	1	"Dreadfear"				103	392000	0	480	520	1390	0	705	400	3	0	2	5	500	1500	1	2	130	0	3	0	27	27	27	27

//	Kanturu	Boss
//=============================================================================================================================--------------------------------------------------------------------------------------------------------------
//Numb	Rate	Name	Level	HP	MP	MinDmg	MaxDmg	Def	MagDef	Attack	Success	Move	AttType	Range	View	MoveSpeed	AttSpeed	Regen	Attri	ItemR	MoneyR	MaxI	ResWind	ResPois	ResIce	ResWater	ResFire
//=============================================================================================================================--------------------------------------------------------------------------------------------------------------
361	1	"Nightmare"				149	5000000	0	32600	33300	20750	0	11000	5500	6	0	2	7	700	700	10	2	150	14	3	0	150	255	150	150
362	1	"Maya's	Hand"				135	4000000	0	32500	33700	20580	0	10800	5400	6	0	3	7	700	700	10	2	150	14	3	0	100	100	100	100
363	1	"Maya's	Hand"				135	4000000	0	32500	33700	20580	0	10800	5400	6	0	3	7	700	700	10	2	150	14	3	0	100	100	100	100
364	1	"Maya"				111	1000000	0	32400	33600	21000	0	10700	5350	3	0	1	7	500	600	10	2	150	0	3	0	100	100	100	100

//	Kanturu	NPC
//=============================================================================================================================--------------------------------------------------------------------------------------------------------------
//Numb	Rate	Name	Level	HP	MP	MinDmg	MaxDmg	Def	MagDef	Attack	Success	Move	AttType	Range	View	MoveSpeed	AttSpeed	Regen	Attri	ItemR	MoneyR	MaxI	ResWind	ResPois	ResIce	ResWater	ResFire
//=============================================================================================================================--------------------------------------------------------------------------------------------------------------
367	1	"Gateway	Machine"				20	1000	0	15	30	70	0	100	30	0	0	0	5	400	1500	10	0	200	10	0	0	0	0	0	0
368	1	"Elpis"				20	1000	0	15	30	70	0	100	30	0	0	0	5	400	1500	10	0	200	10	0	0	0	0	0	0


//	Aida	NPC
//=============================================================================================================================--------------------------------------------------------------------------------------------------------------
//Numb	Rate	Name	Level	HP	MP	MinDmg	MaxDmg	Def	MagDef	Attack	Success	Move	AttType	Range	View	MoveSpeed	AttSpeed	Regen	Attri	ItemR	MoneyR	MaxI	ResWind	ResPois	ResIce	ResWater	ResFire
//=============================================================================================================================--------------------------------------------------------------------------------------------------------------
369	1	"Osborne"				20	1000	0	15	30	70	0	100	30	0	0	0	5	400	1500	10	0	200	10	0	0	0	0	0	0
370	1	"Jerridon"				20	1000	0	15	30	70	0	100	30	0	0	0	5	400	1500	10	0	200	10	0	0	0	0	0	0


//Indefinido
371	1	"Leo	the	Helper"				90	10000	0	180	195	70	20	300	100	5	0	5	5	400	1500	10	1	200	10	0	0	0	0	0	0
373	1	"Halloween"				2	50	0	15	30	70	20	10	30	0	0	0	5	400	1500	10	0	200	10	0	0	0	0	0	0
374	1	"Santa	Girl"				2	50	0	15	30	70	20	10	30	0	0	0	5	400	1500	10	0	200	10	0	0	0	0	0	0
376	1	"Drink	Seller	1"				2	50	0	15	30	70	20	10	30	0	0	0	5	400	1500	10	0	200	10	0	0	0	0	0	0
377	1	"Drink	Seller	2"				2	50	0	15	30	70	20	10	30	0	0	0	5	400	1500	10	0	200	10	0	0	0	0	0	0
378	1	"GameMaster"				2	50	0	15	30	70	20	10	30	0	0	0	5	400	1500	10	0	200	10	0	0	0	0	0	0
379	1	"Fireworks	Girl"				2	50	0	15	30	70	20	10	30	0	0	0	5	400	1500	10	0	200	10	0	0	0	0	0	0

//	Item	Sales	NPC
375	1	"Chaos	Card	Master"				2	50	0	15	30	70	20	10	30	0	0	0	5	400	1500	10	0	200	10	0	0	0	0	0	0

//Others	Monsters
//Index	Rate	Name	Level	HP	MP	DamMin	DamMax	Defence	Magic	Attack	Success	MoveRg	A.Type	A.Range	V.Range	MoveSP	A.Speed	RegTime	Attrib	ItemRat	M.Rate	MaxItem	Skill
318	1	"monstro	318"				140	200000	0	1400	1600	1100	0	1300	600	6	0	3	7	700	1700	10	2	130	14	3	0	31	31	31	31
319	1	"monstro	319"				145	3500000	0	1230	1270	1200	0	1800	900	6	0	4	10	800	3000	1800	2	100	14	4	0	100	100	100	100
365	1	"Fortune	Pouch"				40	1800	0	105	110	57	0	150	37	2	0	2	6	400	1800	20	2	200	14	3	0	2	2	2	2

//Season	3	-	NPCs
//Index	Rate	Name	Level	HP	MP	DamMin	DamMax	Defence	Magic	Attack	Success	MoveRg	A.Type	A.Range	V.Range	MoveSP	A.Speed	RegTime	Attrib	ItemRat	M.Rate	MaxItem	Skill
380	1	"Stone	Henge"				2	50	0	15	30	70	20	10	30	0	0	0	5	400	1500	10	0	200	10	0	0	0	0	0	0
381	1	"Sword	Guard"				2	50	0	15	30	70	20	10	30	0	0	0	5	400	1500	10	0	200	10	0	0	0	0	0	0
382	1	"Illusion	Guard"				2	50	0	15	30	70	20	10	30	0	0	0	5	400	1500	10	0	200	10	0	0	0	0	0	0
383	1	"Pedestal	Spiral"				2	50	0	15	30	70	20	10	30	0	0	0	5	400	1500	10	0	200	10	0	0	0	0	0	0
384	1	"Pedestal"				2	50	0	15	30	70	20	10	30	0	0	0	5	400	1500	10	0	200	10	0	0	0	0	0	0
385	1	"Alchemist"				2	50	0	15	30	70	20	10	30	0	0	0	5	400	1500	10	0	200	10	0	0	0	0	0	0

//	Illusion	Temple	1	(220~270)	-	Map	45
//Index	Rate	Name	Level	HP	MP	DamMin	DamMax	Defence	Magic	Attack	Success	MoveRg	A.Type	A.Range	V.Range	MoveSP	A.Speed	RegTime	Attrib	ItemRat	M.Rate	MaxItem	Skill
386	1	"HumpBackRed"				33	1250	0	110	117	50	0	145	39	3	17	6	7	500	1500	10	2	160	0	3	0	13	13	13	13
387	1	"HumpBackViolet"				40	1800	0	130	137	66	0	180	50	3	17	6	7	500	1600	10	2	160	0	4	0	14	14	14	14
388	1	"Liliputan"				52	3000	0	165	172	90	0	255	70	3	150	10	7	800	1700	10800	2	140	0	4	0	30	30	30	30

//	Illusion	Temple	2	(271~320)	-	Map	46
//Index	Rate	Name	Level	HP	MP	DamMin	DamMax	Defence	Magic	Attack	Success	MoveRg	A.Type	A.Range	V.Range	MoveSP	A.Speed	RegTime	Attrib	ItemRat	M.Rate	MaxItem	Skill
389	1	"HumpBackRed"				48	3000	0	155	162	81	0	235	58	3	17	6	7	500	1500	10	2	160	0	3	0	16	16	16	16
390	1	"HumpBackViolet"				53	3900	0	180	187	100	0	275	67	3	17	6	7	500	1600	10	2	160	0	4	0	17	17	17	17
391	1	"Liliputan"				65	6000	0	220	227	140	0	355	100	3	150	10	7	800	1700	10800	2	140	0	4	0	35	35	35	35

//	Illusion	Temple	3	(321~350)	-	Map	47
//Index	Rate	Name	Level	HP	MP	DamMin	DamMax	Defence	Magic	Attack	Success	MoveRg	A.Type	A.Range	V.Range	MoveSP	A.Speed	RegTime	Attrib	ItemRat	M.Rate	MaxItem	Skill
392	1	"HumpBackRed"				63	6600	0	225	235	150	0	325	92	3	17	6	7	500	1500	10	2	150	0	3	0	19	19	19	19
393	1	"HumpBackViolet"				69	8400	0	260	270	180	0	365	110	3	17	6	7	500	1600	10	2	150	0	4	0	20	20	20	20
394	1	"Liliputan"				81	14000	0	350	360	255	0	460	160	3	150	10	7	800	1700	10800	2	130	0	4	0	40	40	40	40

//	Illusion	Temple	4	(351~380)	-	Map	48
//Index	Rate	Name	Level	HP	MP	DamMin	DamMax	Defence	Magic	Attack	Success	MoveRg	A.Type	A.Range	V.Range	MoveSP	A.Speed	RegTime	Attrib	ItemRat	M.Rate	MaxItem	Skill
395	1	"HumpBackRed"				83	22500	0	350	375	255	0	500	175	3	17	6	7	500	1500	10	2	140	0	3	0	22	22	22	22
396	1	"HumpBackViolet"				88	30000	0	410	435	300	0	575	215	3	17	6	7	500	1600	10	2	140	0	4	0	23	23	23	23
397	1	"Liliputan"				100	50000	0	600	625	500	0	780	295	3	150	10	7	800	1700	10800	2	120	0	4	0	45	45	45	45

//	Illusion	Temple	5	(381~399)	-	Map	49
//Index	Rate	Name	Level	HP	MP	DamMin	DamMax	Defence	Magic	Attack	Success	MoveRg	A.Type	A.Range	V.Range	MoveSP	A.Speed	RegTime	Attrib	ItemRat	M.Rate	MaxItem	Skill
398	1	"HumpBackRed"				98	48000	0	546	581	430	0	715	250	3	17	6	7	500	1500	10	2	135	0	3	0	25	25	25	25
399	1	"HumpBackViolet"				105	60000	0	640	675	515	0	810	290	3	17	6	7	500	1600	10	2	135	0	4	0	26	26	26	26
400	1	"Liliputan"				117	100000	0	835	870	680	0	1000	360	3	150	10	7	800	1700	10800	2	110	0	4	0	50	50	50	50

//	Illusion	Temple	6	(~400)	-	Map	50
//Index	Rate	Name	Level	HP	MP	DamMin	DamMax	Defence	Magic	Attack	Success	MoveRg	A.Type	A.Range	V.Range	MoveSP	A.Speed	RegTime	Attrib	ItemRat	M.Rate	MaxItem	Skill
401	1	"HumpBackRed"				114	87500	0	753	788	620	0	900	335	3	17	6	7	500	1500	10	2	130	0	3	0	28	28	28	28
402	1	"HumpBackViolet"				119	105000	0	850	885	710	0	1000	370	3	17	6	7	500	1600	10	2	130	0	4	0	29	29	29	29
403	1	"Liliputan"				140	140000	0	1070	1105	892	0	1200	450	3	150	10	7	800	1700	10800	2	100	0	4	0	60	60	60	60

//	Season	3	-	NPCs
//Index	Rate	Name	Level	HP	MP	DamMin	DamMax	Defence	Magic	Attack	Success	MoveRg	A.Type	A.Range	V.Range	MoveSP	A.Speed	RegTime	Attrib	ItemRat	M.Rate	MaxItem	Skill
404	1	"NPC	404"				2	50	0	15	30	70	20	10	30	0	0	0	5	400	1500	10	0	200	10	0	0	0	0	0	0
405	1	"Ground	Shadow"				2	50	0	15	30	70	20	10	30	0	0	0	5	400	1500	10	0	200	10	0	0	0	0	0	0

//3rd	Quest
//==============================================================================================================================================================================================
//Numb	Rate	Name	Level	HP	MP	MinDmg	MaxDmg	Def	MagDef	Attack	Success	Move	AttType	Range	View	MoveSpeed	AttSpeed	Regen	Attri	ItemR	MoneyR	MaxI	ResWind	ResPois	ResIce	ResWaterResFire
//==============================================================================================================================================================================================
406	1	"Priest	Devin"				2	10	0	10	10	10	1	10	10	0	0	0	0	0	0	0	0	0	0	0	0	0	0	0	0	
407	1	"Werewolf	Quarrel"				2	10	0	10	10	10	1	10	10	0	0	0	0	0	0	0	0	0	0	0	0	0	0	0	0	
408	1	"Gatekeeper"				2	10	0	10	10	10	1	10	10	0	0	0	0	0	0	0	0	0	0	0	0	0	0	0	0	
409	1	"Balram(Trainee)"				117	75000	0	550	650	480	0	1200	370	6	0	4	7	500	1500	10	2	150	14	3	0	23	23	23	23	
410	1	"Death	Spirit	(Hero)"				118	85000	0	580	680	490	0	1200	390	6	0	4	7	500	1500	10	2	150	14	3	0	25	25	25	25	
411	1	"Soram	(Hero)"				119	90000	0	600	700	500	0	1200	390	6	0	2	7	500	1500	10	2	150	14	3	0	25	25	25	25	
412	1	"Dark	Elf	(Hero)"				128	1500000	0	10800	10900	10900	0	21500	4400	6	0	6	10	700	900	10800	2	150	14	3	0	23	254	23	23	

///Thanksgiving	Event
//==============================================================================================================================================================================================
//Numb	Rate	Name	Level	HP	MP	MinDmg	MaxDmg	Def	MagDef	Attack	Success	Move	AttType	Range	View	MoveSpeed	AttSpeed	Regen	Attri	ItemR	MoneyR	MaxI	ResWind	ResPois	ResIce	ResWaterResFire
//==============================================================================================================================================================================================
413	1	"Lunar	Rabbit"				149	25000	0	0	0	100	0	0	100	3	0	0	1	100	0	120	1	200	10	0	0	254	254	254	254
414	1	"Helper	Ellen"				90	10000	0	180	195	70	20	300	100	5	0	5	5	400	1500	10	1	200	10	0	0	0	0	0	0	

//Elbeland	NPC
//==============================================================================================================================================================================================
//Numb	Rate	Name	Level	HP	MP	MinDmg	MaxDmg	Def	MagDef	Attack	Success	Move	AttType	Range	View	MoveSpeed	AttSpeed	Regen	Attri	ItemR	MoneyR	MaxI	ResWind	ResPois	ResIce	ResWaterResFire
//==============================================================================================================================================================================================
415	1	"Silvia"				2	10	0	10	10	10	1	10	10	0	0	0	0	0	0	0	0	0	0	0	0	0	0	0	0	
416	1	"Leah"				2	10	0	10	10	10	1	10	10	0	0	0	0	0	0	0	0	0	0	0	0	0	0	0	0	
417	1	"Marseille"				2	10	0	10	10	10	1	10	10	0	0	0	0	0	0	0	0	0	0	0	0	0	0	0	0	

//Mobs	Elbeland
//Index	Rate	Name	Level	HP	MP	DamMin	DamMax	Defence	Magic	Attack	Success	MoveRg	A.Type	A.Range	V.Range	MoveSP	A.Speed	RegTime	Attrib	ItemRat	M.Rate	MaxItem	Skill
418	1	"Bizarne	Rabbit"				4	60	0	10	13	3	0	10	3	3	0	1	5	400	1500	1	2	200	10	3	0	0	0	0	0
419	1	"Dirty	Butterfly"				13	230	0	37	42	13	0	10	13	3	0	1	5	400	1500	1	2	200	10	3	0	0	0	0	0
420	1	"Rabbits"				19	520	0	68	72	22	0	10	22	3	0	1	5	400	1500	1	2	200	10	3	0	0	0	0	0
421	1	"Wolf	Man"				24	720	0	85	90	30	0	10	30	2	0	1	5	400	1500	1	2	200	10	3	0	0	0	0	0
422	1	"Curser	Rich"				30	900	0	105	110	33	20	10	33	3	0	1	5	400	1500	1	2	200	10	3	0	4	4	4	4
423	1	"Totem	Golem"				36	1200	0	120	125	50	0	10	50	3	0	1	5	400	1500	1	2	200	10	3	0	0	0	0	0
424	1	"Beasty"				43	2400	0	130	145	65	0	10	65	2	0	1	5	400	1500	1	2	200	10	3	0	0	0	0	0
425	1	"CaptainBeasty"				48	3000	0	150	155	80	0	10	70	2	0	1	5	400	1500	1	2	200	10	3	0	0	0	0	0

//Mobs	CC+7
//Index	Rate	Name	Level	HP	MP	DamMin	DamMax	Defence	Magic	Attack	Success	MoveRg	A.Type	A.Range	V.Range	MoveSP	A.Speed	RegTime	Attrib	ItemRat	M.Rate	MaxItem	Skill
426	1	"ChaosCastledk"				65	6500	0	185	210	145	0	320	110	50	0	1	7	400	2000	10	2	300	200	3	0	4	4	4	4
427	1	"ChaosCastledw"				65	6500	0	185	210	145	0	320	110	50	0	1	7	400	2000	10	2	300	200	3	0	4	4	4	4

//Swamp	of	Calmness
//==============================================================================================================================================================================================
//Numb	Rate	Name	Level	HP	MP	MinDmg	MaxDmg	Def	MagDef	Attack	Success	Move	AttType	Range	View	MoveSpeed	AttSpeed	Regen	Attri	ItemR	MoneyR	MaxI	ResWind	ResPois	ResIce	ResWaterResFire
//==============================================================================================================================================================================================
441	1	"Sapi-Unus"				95	9397000	0	9475	9510	8370	20000	8700	2220	4	0	1	7	600	1500	1	2	140	10	3	0	0	20	0	0	
442	1	"Sapi-Duo"				96	9399500	0	9485	9505	8375	20000	8730	2225	4	0	1	7	600	1500	1	2	140	10	3	0	0	30	0	0	
447	1	"Sapi-Tres"				97	9392000	0	9520	9555	8395	20000	8750	2235	4	0	1	5	500	2000	1	2	140	10	3	0	0	0	20	0	
444	1	"Shadow	Pawn"				98	9398500	0	9540	9575	8430	20000	8830	2240	4	0	1	5	700	1700	1	2	135	10	3	0	20	20	0	0	
445	1	"Shadow	Knight"				100	9392000	0	9570	9600	8455	20000	8860	2255	4	7	1	5	700	1700	1	2	135	10	3	0	30	30	0	0	
443	1	"Shadow	Look"				102	9398000	0	9590	9625	8470	20000	8880	2275	4	17	1	7	600	1500	1	2	135	10	3	0	0	40	0	0	
446	1	"Thunder	Napin"				109	9392000	0	9600	9645	8500	20000	8950	2290	4	0	1	5	700	1700	1	2	130	10	3	0	40	40	0	0	
448	1	"Ghost	Napin"				113	9398000	0	9635	9665	8535	20000	8980	2295	4	1	1	5	500	2000	1	2	130	10	3	0	0	30	0	0	
449	1	"Blaze	Napin"				117	9399000	0	9770	9825	8530	20000	11000	3303	4	0	1	5	500	2000	1	2	130	10	3	0	0	0	0	40	

//Cherry	Blossom	Event	NPC
//==============================================================================================================================================================================================
//Numb	Rate	Name	Level	HP	MP	MinDmg	MaxDmg	Def	MagDef	Attack	Success	Move	AttType	Range	View	MoveSpeed	AttSpeed	Regen	Attri	ItemR	MoneyR	MaxI	ResWind	ResPois	ResIce	ResWaterResFire
//==============================================================================================================================================================================================
450	1	"Cherry	Blossom	Spirit"				2	10	0	10	10	10	1	10	10	0	0	0	0	0	0	0	0	0	0	0	0	0	0	0	0	
451	1	"Cherry	Blossom	Tree"				2	10	0	10	10	10	1	10	10	0	0	0	0	0	0	0	0	0	0	0	0	0	0	0	0	

//Socket	System	NPC
//==============================================================================================================================================================================================
//Numb	Rate	Name	Level	HP	MP	MinDmg	MaxDmg	Def	MagDef	Attack	Success	Move	AttType	Range	View	MoveSpeed	AttSpeed	Regen	Attri	ItemR	MoneyR	MaxI	ResWind	ResPois	ResIce	ResWaterResFire
//==============================================================================================================================================================================================
452	1	"Seed	Master"				2	10	0	10	10	10	1	10	10	0	0	0	0	0	0	0	0	0	0	0	0	0	0	0	0	
453	1	"Seed	Researcher"				2	10	0	10	10	10	1	10	10	0	0	0	0	0	0	0	0	0	0	0	0	0	0	0	0	

//Ice	Land	Monsters	
//==============================================================================================================================================================================================
//Numb	Rate	Name	Level	HP	MP	MinDmg	MaxDmg	Def	MagDef	Attack	Success	Move	AttType	Range	View	MoveSpeed	AttSpeed	Regen	Attri	ItemR	MoneyR	MaxI	ResWind	ResPois	ResIce	ResWaterResFire
//==============================================================================================================================================================================================
454	1	"Ice	Walker"				120	640000	100	3710	3800	3955	0	5303	1752	2	0	1	4	400	1600	1	2	185	14	3	0	1	1	1	1
455	1	"Giant	Mammoth"				122	650000	100	3744	3800	3958	0	5784	1811	3	0	4	4	400	1600	1	2	140	12	6	0	1	0	0	0
456	1	"Ice	Giant"				124	660000	100	3758	3800	3962	0	5777	1812	2	0	1	4	400	1400	1	2	160	12	6	0	1	0	0	0	
457	1	"Coolutin"				126	670000	100	3774	3800	3965	0	5784	1812	3	0	1	5	400	1600	1	2	170	14	6	0	1	3	0	0
458	1	"Iron	Knight"				137	1000000	100	6500	6000	3966	0	5780	1813	2	17	4	6	400	2000	1	2	180	14	6	0	1	3	0	0
459	1	"Selupan(Boss)"				149	999999999	100	60900	62300	60000	60000	65000	13000	3	0	10	10	2000	500	36000	2	0	0	0	0	1	4	1	1
460	1	"Ice	Blob(Small)"				105	550000	100	3620	3755	3895	0	5235	1752	2	0	1	4	400	1600	1	2	185	14	3	0	1	1	1	1
461	1	"Ice	Blob(Medium)"				106	570000	100	3655	3785	3835	0	5295	1770	3	0	1	5	400	1400	1	2	200	14	3	0	3	3	3	5
462	1	"Ice	Blob(Large)"				107	590000	100	3670	3725	3825	0	5303	1752	2	0	1	4	400	1600	1	2	185	14	3	0	1	1	1	1

//Sei	la	o	que	da	Season	4	
464	1	"Initial	Helper"				2	50	0	15	30	70	20	10	30	0	0	0	5	400	1500	10	0	200	10	0	0	0	0	0	0

//Christmas	Event
//==============================================================================================================================================================================================
//Numb	Rate	Name	Level	HP	MP	MinDmg	MaxDmg	Def	MagDef	Attack	Success	Move	AttType	Range	View	MoveSpeed	AttSpeed	Regen	Attri	ItemR	MoneyR	MaxI	ResWind	ResPois	ResIce	ResWaterResFire
//==============================================================================================================================================================================================
465	1	"Santa	Claus"				149	26000	0	370	410	400	0	550	200	4	3	5	6	400	2200	10	2	150	50	4	0	15	15	20	15	
466	1	"Cursed	Goblin"				149	12000	0	220	260	190	0	440	130	3	0	5	5	400	1800	10	2	300	200	3	0	8	8	8	8	
467	1	"Snowman"				10	10	0	10	10	10	1	10	10	0	0	0	0	0	0	0	0	0	0	0	0	0	0	0	0	
468	1	"Little	Santa	Yellow"				10	10	0	10	10	10	1	10	10	0	0	0	0	0	0	0	0	0	0	0	0	0	0	0	0	
469	1	"Little	Santa	Green"				10	10	0	10	10	10	1	10	10	0	0	0	0	0	0	0	0	0	0	0	0	0	0	0	0	
470	1	"Little	Santa	Red"				10	10	0	10	10	10	1	10	10	0	0	0	0	0	0	0	0	0	0	0	0	0	0	0	0	
471	1	"Little	Santa	Blue"				10	10	0	10	10	10	1	10	10	0	0	0	0	0	0	0	0	0	0	0	0	0	0	0	0	
472	1	"Little	Santa	White"				10	10	0	10	10	10	1	10	10	0	0	0	0	0	0	0	0	0	0	0	0	0	0	0	0	
473	1	"Little	Santa	Black"				10	10	0	10	10	10	1	10	10	0	0	0	0	0	0	0	0	0	0	0	0	0	0	0	0	
474	1	"Little	Santa	Orange"				10	10	0	10	10	10	1	10	10	0	0	0	0	0	0	0	0	0	0	0	0	0	0	0	0	
475	1	"Little	Santa	Pink"				10	10	0	10	10	10	1	10	10	0	0	0	0	0	0	0	0	0	0	0	0	0	0	0	0	
476	1	"Cursed	Santa"				400	999999999	0	0	0	999999	999999	15000	0	3	150	2	7	400	1600	0	2	160	14	3	0	9	9	9	9	
477	1	"Transformed	Snowman"				10	10	0	10	10	10	1	10	10	0	0	0	0	0	0	0	0	0	0	0	0	0	0	0	0	
478	1	"mob	478"				15	50	0	15	30	70	20	10	30	0	0	0	5	400	1500	10	0	200	10	0	0	0	0	0	0

//Vulcanus
//==============================================================================================================================================================================================
//Numb	Rate	Name	Level	HP	MP	MinDmg	MaxDmg	Def	MagDef	Attack	Success	Move	AttType	Range	View	MoveSpeed	AttSpeed	Regen	Attri	ItemR	MoneyR	MaxI	ResWind	ResPois	ResIce	ResWaterResFire
//==============================================================================================================================================================================================
479	1	"Gatekeeper	Titus"				2	50	0	15	30	70	20	10	30	0	0	0	5	400	1500	2	0	200	10	0	0	0	0	0	0
480	1	"Zombie	Fighter"				115	400000	0	1408	1543	1430	0	2000	3000	3	0	2	7	800	1700	2	2	110	0	4	0	50	50	50	50
481	1	"Zombie	Fighter"				95	160000	0	1310	1340	1230	0	2000	3000	3	0	2	7	500	1500	2	2	155	0	3	0	20	20	20	20
482	1	"Resurgent	Gladiator"				97	180000	0	1335	1365	1250	0	2000	3000	3	0	2	5	500	1500	2	2	155	0	3	0	21	21	21	21
483	1	"Resurgent	Gladiator"				100	220000	0	1365	1395	1280	0	2000	3000	3	0	2	7	500	1500	2	2	155	0	3	0	22	22	22	22
484	1	"Ashes	Butcher"				103	320000	0	1408	1443	1315	0	2000	3000	3	0	1	7	500	1500	2	2	135	0	3	0	23	23	23	23
485	1	"Ashes	Butcher"				108	385000	0	1470	1505	1370	0	2000	3000	3	0	4	5	500	1500	2	2	135	0	3	0	24	24	24	24
486	1	"Bloody	Assassin"				113	430000	0	1546	1581	1430	0	2000	3000	3	0	2	7	500	1500	2	2	135	0	3	0	25	25	25	25
487	1	"Cold-Blooded"				120	485000	0	1640	1675	1515	0	2000	3000	3	0	2	7	500	1600	2	2	135	0	4	0	26	26	26	26
488	1	"Cold-Blooded"				133	680000	0	1168	1213	1615	0	2000	3000	3	0	5	7	500	1600	2	2	130	0	4	0	29	29	29	29
489	1	"Burning	Lava	Giant"				135	875000	0	1830	1085	1865	0	2000	3000	3	0	4	7	500	1500	2	2	130	0	3	0	28	28	28	28
490	1	"Outrageous	Giant	Lava"				137	940000	0	2000	2500	1750	0	2000	3000	3	0	2	5	500	1500	2	2	130	0	3	0	27	27	27	27
491	1	"Outrageous	Giant	Lava"				137	940000	0	2000	2500	1750	0	2000	3000	3	0	2	5	500	1500	2	2	130	0	3	0	27	27	27	27
492	1	"Moss	The	Merchant"				2	50	0	15	30	70	20	10	30	0	0	0	5	400	1500	2	0	200	10	0	0	0	0	0	0

//WWF
//==============================================================================================================================================================================================
//Numb	Rate	Name	Level	HP	MP	MinDmg	MaxDmg	Def	MagDef	Attack	Success	Move	AttType	Range	View	MoveSpeed	AttSpeed	Regen	Attri	ItemR	MoneyR	MaxI	ResWind	ResPois	ResIce	ResWaterResFire
//==============================================================================================================================================================================================
503	1	"Changeling	panda"				93	33000	0	400	430	400	0	680	200	3	0	1	3	400	2000	10	2	300	200	3	0	8	8	8	8

//Imperial	Guardian
//==============================================================================================================================================================================================
//Numb	Rate	Name	Level	HP	MP	MinDmg	MaxDmg	Def	MagDef	Attack	Success	Move	AttType	Range	View	MoveSpeed	AttSpeed	Regen	Attri	ItemR	MoneyR	MaxI	ResWind	ResPois	ResIce	ResWaterResFire
//==============================================================================================================================================================================================
504	1	"Gaion	Kalein"				147	5000000	0	2000	2500	1500	0	2000	1000	3	150	15	10	800	2000	43200	2	100	0	4	0	100	254	100	100	
505	1	"Sub	Jerinteu"				140	500000	0	1400	1430	1400	0	680	200	3	0	10	5	400	2000	5	2	300	200	3	0	8	8	8	8
506	1	"Raymond"				140	500000	0	1400	1430	1400	0	680	200	3	0	10	5	400	2000	5	2	300	200	3	0	8	8	8	8

507	1	"Sub	Commander"				125	100000	0	1400	1630	600	0	680	200	3	0	1	5	400	2000	4	2	300	200	3	0	8	8	8	8
508	1	"Deasuler"				124	100000	0	1400	1630	600	0	680	200	3	0	1	5	400	2000	4	2	300	200	3	0	8	8	8	8
509	1	"Vermont"				123	100000	0	1400	1630	600	0	680	200	3	0	1	5	400	2000	4	2	300	200	3	0	8	8	8	8
510	1	"Kato"				122	100000	0	1400	1630	600	0	680	200	3	0	1	5	400	2000	4	2	300	200	3	0	8	8	8	8
511	1	"Gallia"				121	100000	0	1400	1630	600	0	680	200	3	0	1	5	400	2000	4	2	300	200	3	0	8	8	8	8
512	1	"Quarter	Master"				120	100000	0	1400	1630	600	0	680	200	3	0	1	5	400	2000	4	2	300	200	3	0	8	8	8	8

513	1	"Drill	Master"				112	80000	0	1200	1430	400	0	680	200	3	0	1	5	400	2000	4	2	300	200	3	0	8	8	8	8
514	1	"Captain	Knight"				111	80000	0	1200	1430	400	0	680	200	3	0	1	5	400	2000	4	2	300	200	3	0	8	8	8	8
515	1	"Big	Magiction"				110	80000	0	1200	1430	400	0	680	200	3	0	1	5	400	2000	4	2	300	200	3	0	8	8	8	8
516	1	"Assassin	Leader"				109	80000	0	1200	1430	400	0	680	200	3	0	1	5	400	2000	4	2	300	200	3	0	8	8	8	8
517	1	"Cavalry	Man"				108	80000	0	1200	1430	400	0	680	200	3	0	1	5	400	2000	4	2	300	200	3	0	8	8	8	8
518	1	"Soldier	Shield"				107	80000	0	1200	1430	400	0	680	200	3	0	1	5	400	2000	4	2	300	200	3	0	8	8	8	8
519	1	"Healer"				106	80000	0	1200	1430	400	0	680	200	3	0	1	5	400	2000	4	2	300	200	3	0	8	8	8	8
520	1	"Knight	Tunion"				105	80000	0	1200	1430	400	0	680	200	3	0	1	5	400	2000	4	2	300	200	3	0	8	8	8	8

521	1	"Guard"				10	500000	0	1400	1430	1400	0	680	200	3	0	10	5	400	2000	5	2	300	200	3	0	8	8	8	8
522	1	"Adviser	Jerinteu"				2	50	0	15	30	70	20	10	30	0	0	0	5	400	1500	5	0	200	10	0	0	0	0	0	0
523	1	"Lost	Trap"				80	1000	0	150	152	0	0	400	500	0	0	1	1	500	1000	3	1	200	10	0	0	0	0	0	0
524	1	"Dungeon	Gate	1"				0	325000	0	0	0	0	0	0	0	0	0	0	0	0	0	0	0	0	0	0	0	100	100	100	100
525	1	"Dungeon	Gate	2"				0	400000	0	0	0	0	0	0	0	0	0	0	0	0	0	0	0	0	0	0	0	100	100	100	100
526	1	"Lost	Statue	1"				0	480000	0	0	0	0	0	0	0	0	0	0	0	0	0	0	0	0	0	0	0	100	100	100	100
527	1	"Dungeon	Gate	3"				0	565000	0	0	0	0	0	0	0	0	0	0	0	0	0	0	0	0	0	0	0	100	100	100	100
528	1	"Dungeon	Gate	4"				0	650000	0	0	0	0	0	0	0	0	0	0	0	0	0	0	0	0	0	0	0	100	100	100	100

//Doppleganger
//==============================================================================================================================================================================================
//Numb	Rate	Name	Level	HP	MP	MinDmg	MaxDmg	Def	MagDef	Attack	Success	Move	AttType	Range	View	MoveSpeed	AttSpeed	Regen	Attri	ItemR	MoneyR	MaxI	ResWind	ResPois	ResIce	ResWater	ResFire
//==============================================================================================================================================================================================
529	1	"Angry	Butcher"				103	32000	0	1408	1443	1315	0	2000	3000	3	0	1	7	500	1500	10	2	135	0	3	0	23	23	23	23
530	1	"Butcher"				102	68000	0	1310	1965	615	0	1190	800	3	7	6	7	500	1500	10	2	140	10	3	0	150	30	30	30
531	1	"Contaminated	Ice	Walker"				102	68000	0	1310	1965	615	0	1190	800	3	7	6	7	500	1500	10	2	140	10	3	0	150	30	30	30
532	1	"Contaminated	Larva"				147	75000	0	90	95	31	0	125	31	3	1	1	4	400	1800	10	2	200	14	6	0	2	0	0	0
533	1	"Doppleganger"				147	90000	0	1385	2959	1636	0	1745	1200	3	150	15	10	800	2000	43200	2	100	0	4	0	254	0	0	254	
534	1	"Doppleganger	Elf"				147	100000	0	1940	2848	1781	0	1346	1300	3	150	15	10	800	2000	43200	2	100	0	4	0	254	254	254	0	
535	1	"Doppleganger	Knight"				147	110000	0	1894	2945	1541	0	1674	1110	3	150	15	10	800	2000	43200	2	100	0	4	254	254	254	254	0	
536	1	"Doppleganger	Wizard"				147	80000	0	1987	2979	1134	0	1977	1120	3	150	15	10	800	2000	43200	2	100	0	4	0	254	0	254	254	
537	1	"Doppleganger	Gladiator"				147	120000	0	1891	2280	1845	0	1897	1161	3	150	15	10	800	2000	43200	2	100	0	4	254	0	0	0	254	
538	1	"Doppleganger	Lord"				147	70000	0	1561	2894	1342	0	1674	1619	3	150	15	10	800	2000	43200	2	100	0	4	0	254	0	254	0	
539	1	"Doppleganger	Summoner"				147	120000	0	1657	2248	1235	0	1657	1964	3	150	15	10	800	2000	43200	2	100	0	4	0	0	254	0	0	
540	1	"Lugard"				2	50	0	15	30	70	20	10	30	0	0	0	5	400	1500	10	0	200	10	0	0	0	0	0	0
541	1	"Compensation	Box"				2	50	0	15	30	70	20	10	30	0	0	0	5	400	1500	10	0	200	10	0	0	0	0	0	0
542	1	"Golden	Compensat	Box"				2	50	0	15	30	70	20	10	30	0	0	0	5	400	1500	10	0	200	10	0	0	0	0	0	0

//Genseu	System
//==============================================================================================================================================================================================================================================================================
//Numb	Rate	Name	Level	HP	MP	MinDmg	MaxDmg	Def	MagDef	Attack	Success	Move	AttType	Range	View	MoveSpeed	AttSpeed	Regen	Attri	ItemR	MoneyR	MaxI	ResWind	ResPois	ResIce	ResWater	ResFire
//==============================================================================================================================================================================================================================================================================
543	1	"Honey,	Adrian	Butler"				2	50	0	15	30	70	20	10	30	0	0	0	5	400	1500	10	0	200	10	0	0	0	0	0	0
544	1	"Genseu	Banereuteu	Butler"				2	50	0	15	30	70	20	10	30	0	0	0	5	400	1500	10	0	200	10	0	0	0	0	0	0

//Loren	Market
//==============================================================================================================================================================================================================================================================================
//Numb	Rate	Name	Level	HP	MP	MinDmg	MaxDmg	Def	MagDef	Attack	Success	Move	AttType	Range	View	MoveSpeed	AttSpeed	Regen	Attri	ItemR	MoneyR	MaxI	ResWind	ResPois	ResIce	ResWater	ResFire
//==============================================================================================================================================================================================================================================================================
545	1	"Julia"				2	50	0	15	30	70	20	10	30	0	0	0	5	400	1500	10	0	200	10	0	0	0	0	0	0
546	1	"Raul	Jeweler"				2	50	0	15	30	70	20	10	30	0	0	0	5	400	1500	10	0	200	10	0	0	0	0	0	0
547	1	"Christine"				2	50	0	15	30	70	20	10	30	0	0	0	5	400	1500	10	0	200	10	0	0	0	0	0	0

//Skeletion	Event
//==============================================================================================================================================================================================================================================================================
//Numb	Rate	Name	Level	HP	MP	MinDmg	MaxDmg	Def	MagDef	Attack	Success	Move	AttType	Range	View	MoveSpeed	AttSpeed	Regen	Attri	ItemR	MoneyR	MaxI	ResWind	ResPois	ResIce	ResWater	ResFire
//==============================================================================================================================================================================================================================================================================
548	1	"Changeling	Skeleton"				93	33000	0	400	430	400	0	680	200	3	0	1	3	400	2000	10	2	300	200	3	0	8	8	8	8
end